{
  "model_type": "location-scale",
  "payload": {
    "version": 2,
    "formula": "y ~ linear(demand_forecast) + linear(net_generation) + linear(total_interchange) + s(hour, type=ps, knots=8)",
    "model_kind": "location-scale",
    "family_state": {
      "family_kind": "location-scale",
      "likelihood": "GaussianIdentity",
      "base_link": null
    },
    "family": "gaussian-location-scale",
    "fit_result": {
      "beta": {
        "v": 1,
        "dim": [
          15
        ],
        "data": [
          460890.0834806381,
          7.115486597267651e-6,
          6.646146622139785e-6,
          3.584128875292917e-6,
          -1558.091827233573,
          -37140.35985198617,
          -53743.84370191617,
          -34191.02437622235,
          -2459.3944275358717,
          3952.2633079106113,
          -2306.865291565117,
          991.9922221367506,
          -1158.9915021269571,
          -11699.368805492546,
          -15434.288956657934
        ]
      },
      "lambdas": {
        "v": 1,
        "dim": [
          4
        ],
        "data": [
          283.59011835221696,
          4.053051999245903e-8,
          331.3022157272096,
          7.938089810056122
        ]
      },
      "standard_deviation": 1.0,
      "edf_by_block": [],
      "edf_total": 0.0,
      "iterations": 60,
      "final_grad_norm": 0.49971781599169834,
      "pirls_status": "Converged",
      "deviance": 1783.572733284232,
      "stable_penalty_term": 16.77490427636485,
      "max_abs_eta": 503316.9312185019,
      "constraint_kkt": null,
      "smoothing_correction": null,
      "penalized_hessian": {
        "v": 1,
        "dim": [
          15,
          15
        ],
        "data": [
          0.0,
          0.0,
          0.0,
          0.0,
          0.0,
          0.0,
          0.0,
          0.0,
          0.0,
          0.0,
          0.0,
          0.0,
          0.0,
          0.0,
          0.0,
          0.0,
          0.0,
          0.0,
          0.0,
          0.0,
          0.0,
          0.0,
          0.0,
          0.0,
          0.0,
          0.0,
          0.0,
          0.0,
          0.0,
          0.0,
          0.0,
          0.0,
          0.0,
          0.0,
          0.0,
          0.0,
          0.0,
          0.0,
          0.0,
          0.0,
          0.0,
          0.0,
          0.0,
          0.0,
          0.0,
          0.0,
          0.0,
          0.0,
          0.0,
          0.0,
          0.0,
          0.0,
          0.0,
          0.0,
          0.0,
          0.0,
          0.0,
          0.0,
          0.0,
          0.0,
          0.0,
          0.0,
          0.0,
          0.0,
          0.0,
          0.0,
          0.0,
          0.0,
          0.0,
          0.0,
          0.0,
          0.0,
          0.0,
          0.0,
          0.0,
          0.0,
          0.0,
          0.0,
          0.0,
          0.0,
          0.0,
          0.0,
          0.0,
          0.0,
          0.0,
          0.0,
          0.0,
          0.0,
          0.0,
          0.0,
          0.0,
          0.0,
          0.0,
          0.0,
          0.0,
          0.0,
          0.0,
          0.0,
          0.0,
          0.0,
          0.0,
          0.0,
          0.0,
          0.0,
          0.0,
          0.0,
          0.0,
          0.0,
          0.0,
          0.0,
          0.0,
          0.0,
          0.0,
          0.0,
          0.0,
          0.0,
          0.0,
          0.0,
          0.0,
          0.0,
          0.0,
          0.0,
          0.0,
          0.0,
          0.0,
          0.0,
          0.0,
          0.0,
          0.0,
          0.0,
          0.0,
          0.0,
          0.0,
          0.0,
          0.0,
          0.0,
          0.0,
          0.0,
          0.0,
          0.0,
          0.0,
          0.0,
          0.0,
          0.0,
          0.0,
          0.0,
          0.0,
          0.0,
          0.0,
          0.0,
          0.0,
          0.0,
          0.0,
          0.0,
          0.0,
          0.0,
          0.0,
          0.0,
          0.0,
          0.0,
          0.0,
          0.0,
          0.0,
          0.0,
          0.0,
          0.0,
          0.0,
          0.0,
          0.0,
          0.0,
          0.0,
          0.0,
          0.0,
          0.0,
          0.0,
          0.0,
          0.0,
          0.0,
          0.0,
          0.0,
          0.0,
          0.0,
          0.0,
          0.0,
          0.0,
          0.0,
          0.0,
          0.0,
          0.0,
          0.0,
          0.0,
          0.0,
          0.0,
          0.0,
          0.0,
          0.0,
          0.0,
          0.0,
          0.0,
          0.0,
          0.0,
          0.0,
          0.0,
          0.0,
          0.0,
          0.0,
          0.0,
          0.0,
          0.0,
          0.0,
          0.0,
          0.0,
          0.0,
          0.0,
          0.0,
          0.0,
          0.0,
          0.0,
          0.0,
          0.0,
          0.0,
          0.0,
          0.0,
          0.0,
          0.0
        ]
      },
      "working_weights": {
        "v": 1,
        "dim": [
          0
        ],
        "data": []
      },
      "working_response": {
        "v": 1,
        "dim": [
          0
        ],
        "data": []
      },
      "reparam_qs": null,
      "artifacts": {},
      "beta_covariance": {
        "v": 1,
        "dim": [
          20,
          20
        ],
        "data": [
          11988992.731981974,
          0.0029473434897832997,
          0.0031847842016465453,
          -0.003180409009052849,
          -2930014.0978279524,
          -8899469.666284218,
          -9124009.233330175,
          -7501539.693551382,
          -5148682.111091821,
          -5828584.336640704,
          -5819921.039305199,
          3832540.8850269318,
          9506964.155270502,
          248528.79157063825,
          -11339407.74344836,
          0.044935587034794125,
          -41.53073986039685,
          -297.35202919664084,
          -19.23166531459842,
          -91.32544299072816,
          0.0029473434897832997,
          0.003526215955529007,
          5.551074386136996e-13,
          3.5420027175530686e-13,
          0.0003993029154435824,
          0.002917834379858176,
          0.003639213876555048,
          0.0018628857144739961,
          0.0007945464664483274,
          0.00038268466320545556,
          -0.00009768488525949915,
          0.00014806478384912883,
          0.00002735345284746452,
          0.00001618208960145566,
          0.0017599848404078488,
          -9.260893944817924e-8,
          -2.0346793855691957e-9,
          4.5447171058896015e-9,
          1.1626002310461181e-8,
          3.443819245280313e-9,
          0.0031847842016465453,
          5.551074386136996e-13,
          0.00352621595545979,
          3.15666556537095e-13,
          0.0002607474231290595,
          0.002706955653046044,
          0.00391992441738287,
          0.0024301650914529153,
          0.0006495898164415889,
          -0.00021246385831947629,
          -0.0005369783847077611,
          0.00015648631240748845,
          0.00035739814201275744,
          0.00032867615882071306,
          0.0015397876060088897,
          -8.532760231840368e-8,
          -5.802424711081834e-9,
          -2.0281052923143854e-9,
          1.7236693266156108e-9,
          6.422058070779745e-10,
          -0.003180409009052849,
          3.5420027175530686e-13,
          3.15666556537095e-13,
          0.0035262159548113733,
          0.0009711406696572484,
          0.004543586283541467,
          0.004317895240374005,
          0.006373856544325212,
          0.006886571451057124,
          0.00249517152816382,
          -0.001388390731378318,
          -0.003455357933553031,
          -0.0029527319076056843,
          0.000496558843421469,
          0.0059817621594096485,
          -5.310913868000905e-8,
          2.4914448941546734e-8,
          1.388500473903515e-7,
          1.38520038903724e-9,
          7.532358597266196e-8,
          -2930014.0978279524,
          0.0003993029154435824,
          0.0002607474231290595,
          0.0009711406696572484,
          57280411.68728137,
          10247534.584211595,
          13606690.09441043,
          19980677.239308838,
          16365395.468584519,
          18403547.802177027,
          20416045.849028524,
          19831827.66263952,
          9681204.0280323,
          335907.8911825856,
          3070430.612313934,
          -0.4771488009341507,
          110.85291503952772,
          142.16496200223867,
          -186.11022324404883,
          36.7378854780999,
          -8899469.666284218,
          0.002917834379858176,
          0.002706955653046044,
          0.004543586283541467,
          10247534.584211595,
          64910844.410674095,
          15815924.677782929,
          18080393.802949518,
          16432035.118720777,
          18485389.009301074,
          20713104.28060005,
          12810470.76916931,
          3169580.265111808,
          3062331.335134833,
          4990791.315356638,
          33.357602767045236,
          186.32049653253415,
          242.22054112313208,
          -244.70913903474064,
          7.219931367863383,
          -9124009.233330175,
          0.003639213876555048,
          0.00391992441738287,
          0.004317895240374005,
          13606690.09441043,
          15815924.677782929,
          38793637.19641207,
          4386899.109564417,
          2429144.9616428665,
          8783781.304252543,
          11923791.506846558,
          1574930.4129529512,
          -1876365.37799141,
          7209864.029288199,
          7135596.875922721,
          44.94667356279282,
          160.92559082594306,
          221.1427940025516,
          -234.12631430421416,
          -21.279777223405997,
          -7501539.693551382,
          0.0018628857144739961,
          0.0024301650914529153,
          0.006373856544325212,
          19980677.239308838,
          18080393.802949518,
          4386899.109564417,
          45804738.39614612,
          9082264.901494311,
          4472427.65882354,
          8909535.959602654,
          -1689845.767766186,
          -4866606.604121234,
          7220298.66699684,
          11767323.126667801,
          22.20017094294544,
          85.68673417816223,
          280.25058369435044,
          -183.36249594312545,
          56.63860226148263,
          -5148682.111091821,
          0.0007945464664483274,
          0.0006495898164415889,
          0.006886571451057124,
          16365395.468584519,
          16432035.118720777,
          2429144.9616428665,
          9082264.901494311,
          66338445.80219714,
          11391422.989082932,
          -3278933.6890165256,
          -10302379.521662563,
          -10594689.474649247,
          4925918.98398579,
          15285367.750703469,
          -61.18314439069634,
          6.1726592306603365,
          309.9424917110477,
          -15.170470007925296,
          114.70506850231953,
          -5828584.336640704,
          0.00038268466320545556,
          -0.00021246385831947629,
          0.00249517152816382,
          18403547.802177027,
          18485389.009301074,
          8783781.304252543,
          4472427.65882354,
          11391422.989082932,
          58470241.8875626,
          6267864.582177693,
          -15336251.420865588,
          -13955884.041753482,
          4540513.640136667,
          13427196.669603001,
          -4.486822483158278,
          41.344369695020674,
          167.87954845130804,
          -2.211369911017555,
          147.33939911133535,
          -5819921.039305199,
          -0.00009768488525949915,
          -0.0005369783847077611,
          -0.001388390731378318,
          20416045.849028524,
          20713104.28060005,
          11923791.506846558,
          8909535.959602654,
          -3278933.6890165256,
          6267864.582177693,
          57469199.244635664,
          -5759722.663088699,
          -18506003.53195015,
          1936216.072521596,
          10244015.433258317,
          82.36824971084637,
          106.10586771058317,
          -41.31441594163097,
          -43.127566174481416,
          156.29205210628245,
          3832540.8850269318,
          0.00014806478384912883,
          0.00015648631240748845,
          -0.003455357933553031,
          19831827.66263952,
          12810470.76916931,
          1574930.4129529512,
          -1689845.767766186,
          -10302379.521662563,
          -15336251.420865588,
          -5759722.663088699,
          53038185.015411556,
          11611471.941955995,
          -4631625.837585311,
          -11695362.842721004,
          -8.765740948614273,
          60.86358426479353,
          -85.28026541204747,
          -134.5712660991012,
          -160.09141448690593,
          9506964.155270502,
          0.00002735345284746452,
          0.00035739814201275744,
          -0.0029527319076056843,
          9681204.0280323,
          3169580.265111808,
          -1876365.37799141,
          -4866606.604121234,
          -10594689.474649247,
          -13955884.041753482,
          -18506003.53195015,
          11611471.941955995,
          90631068.7915974,
          9636002.08257776,
          -60774101.4648208,
          -8.015351017117775,
          129.92769308936306,
          -79.1196392073695,
          -275.40127657855567,
          -316.7114149578284,
          248528.79157063825,
          0.00001618208960145566,
          0.00032867615882071306,
          0.000496558843421469,
          335907.8911825856,
          3062331.335134833,
          7209864.029288199,
          7220298.66699684,
          4925918.98398579,
          4540513.640136667,
          1936216.072521596,
          -4631625.837585311,
          9636002.08257776,
          53726082.59106262,
          -49327141.94539019,
          64.39249035129684,
          182.2892307226714,
          26.54782672913911,
          -187.8369662353802,
          -92.50867321116098,
          -11339407.74344836,
          0.0017599848404078488,
          0.0015397876060088897,
          0.0059817621594096485,
          3070430.612313934,
          4990791.315356638,
          7135596.875922721,
          11767323.126667801,
          15285367.750703469,
          13427196.669603001,
          10244015.433258317,
          -11695362.842721004,
          -60774101.4648208,
          -49327141.94539019,
          87133822.88827102,
          -48.780288850816504,
          -178.03056048930756,
          233.6145276847211,
          214.51600556662873,
          296.4327592064912,
          0.044935587034794125,
          -9.260893944817924e-8,
          -8.532760231840368e-8,
          -5.310913868000905e-8,
          -0.4771488009341507,
          33.357602767045236,
          44.94667356279282,
          22.20017094294544,
          -61.18314439069634,
          -4.486822483158278,
          82.36824971084637,
          -8.765740948614273,
          -8.015351017117775,
          64.39249035129684,
          -48.780288850816504,
          0.006971209910984143,
          0.0007881817403164607,
          0.0005220293014053594,
          -0.002096713258175253,
          -0.0001890338222158996,
          -41.53073986039685,
          -2.0346793855691957e-9,
          -5.802424711081834e-9,
          2.4914448941546734e-8,
          110.85291503952772,
          186.32049653253415,
          160.92559082594306,
          85.68673417816223,
          6.1726592306603365,
          41.344369695020674,
          106.10586771058317,
          60.86358426479353,
          129.92769308936306,
          182.2892307226714,
          -178.03056048930756,
          0.0007881817403164607,
          0.00878654920881605,
          0.003925922451285197,
          -0.008366840115905622,
          -0.004065701577240743,
          -297.35202919664084,
          4.5447171058896015e-9,
          -2.0281052923143854e-9,
          1.388500473903515e-7,
          142.16496200223867,
          242.22054112313208,
          221.1427940025516,
          280.25058369435044,
          309.9424917110477,
          167.87954845130804,
          -41.31441594163097,
          -85.28026541204747,
          -79.1196392073695,
          26.54782672913911,
          233.6145276847211,
          0.0005220293014053594,
          0.003925922451285197,
          0.05991687556036611,
          -0.0493283403780584,
          -0.0005934590798779548,
          -19.23166531459842,
          1.1626002310461181e-8,
          1.7236693266156108e-9,
          1.38520038903724e-9,
          -186.11022324404883,
          -244.70913903474064,
          -234.12631430421416,
          -183.36249594312545,
          -15.170470007925296,
          -2.211369911017555,
          -43.127566174481416,
          -134.5712660991012,
          -275.40127657855567,
          -187.8369662353802,
          214.51600556662873,
          -0.002096713258175253,
          -0.008366840115905622,
          -0.0493283403780584,
          0.06231867174465669,
          0.004120444927665224,
          -91.32544299072816,
          3.443819245280313e-9,
          6.422058070779745e-10,
          7.532358597266196e-8,
          36.7378854780999,
          7.219931367863383,
          -21.279777223405997,
          56.63860226148263,
          114.70506850231953,
          147.33939911133535,
          156.29205210628245,
          -160.09141448690593,
          -316.7114149578284,
          -92.50867321116098,
          296.4327592064912,
          -0.0001890338222158996,
          -0.004065701577240743,
          -0.0005934590798779548,
          0.004120444927665224,
          0.010579108967038552
        ]
      },
      "beta_standard_errors": null,
      "beta_covariance_corrected": {
        "v": 1,
        "dim": [
          20,
          20
        ],
        "data": [
          11988992.731981974,
          0.0029473434897832997,
          0.0031847842016465453,
          -0.003180409009052849,
          -2930014.0978279524,
          -8899469.666284218,
          -9124009.233330175,
          -7501539.693551382,
          -5148682.111091821,
          -5828584.336640704,
          -5819921.039305199,
          3832540.8850269318,
          9506964.155270502,
          248528.79157063825,
          -11339407.74344836,
          0.044935587034794125,
          -41.53073986039685,
          -297.35202919664084,
          -19.23166531459842,
          -91.32544299072816,
          0.0029473434897832997,
          0.003526215955529007,
          5.551074386136996e-13,
          3.5420027175530686e-13,
          0.0003993029154435824,
          0.002917834379858176,
          0.003639213876555048,
          0.0018628857144739961,
          0.0007945464664483274,
          0.00038268466320545556,
          -0.00009768488525949915,
          0.00014806478384912883,
          0.00002735345284746452,
          0.00001618208960145566,
          0.0017599848404078488,
          -9.260893944817924e-8,
          -2.0346793855691957e-9,
          4.5447171058896015e-9,
          1.1626002310461181e-8,
          3.443819245280313e-9,
          0.0031847842016465453,
          5.551074386136996e-13,
          0.00352621595545979,
          3.15666556537095e-13,
          0.0002607474231290595,
          0.002706955653046044,
          0.00391992441738287,
          0.0024301650914529153,
          0.0006495898164415889,
          -0.00021246385831947629,
          -0.0005369783847077611,
          0.00015648631240748845,
          0.00035739814201275744,
          0.00032867615882071306,
          0.0015397876060088897,
          -8.532760231840368e-8,
          -5.802424711081834e-9,
          -2.0281052923143854e-9,
          1.7236693266156108e-9,
          6.422058070779745e-10,
          -0.003180409009052849,
          3.5420027175530686e-13,
          3.15666556537095e-13,
          0.0035262159548113733,
          0.0009711406696572484,
          0.004543586283541467,
          0.004317895240374005,
          0.006373856544325212,
          0.006886571451057124,
          0.00249517152816382,
          -0.001388390731378318,
          -0.003455357933553031,
          -0.0029527319076056843,
          0.000496558843421469,
          0.0059817621594096485,
          -5.310913868000905e-8,
          2.4914448941546734e-8,
          1.388500473903515e-7,
          1.38520038903724e-9,
          7.532358597266196e-8,
          -2930014.0978279524,
          0.0003993029154435824,
          0.0002607474231290595,
          0.0009711406696572484,
          57280411.68728137,
          10247534.584211595,
          13606690.09441043,
          19980677.239308838,
          16365395.468584519,
          18403547.802177027,
          20416045.849028524,
          19831827.66263952,
          9681204.0280323,
          335907.8911825856,
          3070430.612313934,
          -0.4771488009341507,
          110.85291503952772,
          142.16496200223867,
          -186.11022324404883,
          36.7378854780999,
          -8899469.666284218,
          0.002917834379858176,
          0.002706955653046044,
          0.004543586283541467,
          10247534.584211595,
          64910844.410674095,
          15815924.677782929,
          18080393.802949518,
          16432035.118720777,
          18485389.009301074,
          20713104.28060005,
          12810470.76916931,
          3169580.265111808,
          3062331.335134833,
          4990791.315356638,
          33.357602767045236,
          186.32049653253415,
          242.22054112313208,
          -244.70913903474064,
          7.219931367863383,
          -9124009.233330175,
          0.003639213876555048,
          0.00391992441738287,
          0.004317895240374005,
          13606690.09441043,
          15815924.677782929,
          38793637.19641207,
          4386899.109564417,
          2429144.9616428665,
          8783781.304252543,
          11923791.506846558,
          1574930.4129529512,
          -1876365.37799141,
          7209864.029288199,
          7135596.875922721,
          44.94667356279282,
          160.92559082594306,
          221.1427940025516,
          -234.12631430421416,
          -21.279777223405997,
          -7501539.693551382,
          0.0018628857144739961,
          0.0024301650914529153,
          0.006373856544325212,
          19980677.239308838,
          18080393.802949518,
          4386899.109564417,
          45804738.39614612,
          9082264.901494311,
          4472427.65882354,
          8909535.959602654,
          -1689845.767766186,
          -4866606.604121234,
          7220298.66699684,
          11767323.126667801,
          22.20017094294544,
          85.68673417816223,
          280.25058369435044,
          -183.36249594312545,
          56.63860226148263,
          -5148682.111091821,
          0.0007945464664483274,
          0.0006495898164415889,
          0.006886571451057124,
          16365395.468584519,
          16432035.118720777,
          2429144.9616428665,
          9082264.901494311,
          66338445.80219714,
          11391422.989082932,
          -3278933.6890165256,
          -10302379.521662563,
          -10594689.474649247,
          4925918.98398579,
          15285367.750703469,
          -61.18314439069634,
          6.1726592306603365,
          309.9424917110477,
          -15.170470007925296,
          114.70506850231953,
          -5828584.336640704,
          0.00038268466320545556,
          -0.00021246385831947629,
          0.00249517152816382,
          18403547.802177027,
          18485389.009301074,
          8783781.304252543,
          4472427.65882354,
          11391422.989082932,
          58470241.8875626,
          6267864.582177693,
          -15336251.420865588,
          -13955884.041753482,
          4540513.640136667,
          13427196.669603001,
          -4.486822483158278,
          41.344369695020674,
          167.87954845130804,
          -2.211369911017555,
          147.33939911133535,
          -5819921.039305199,
          -0.00009768488525949915,
          -0.0005369783847077611,
          -0.001388390731378318,
          20416045.849028524,
          20713104.28060005,
          11923791.506846558,
          8909535.959602654,
          -3278933.6890165256,
          6267864.582177693,
          57469199.244635664,
          -5759722.663088699,
          -18506003.53195015,
          1936216.072521596,
          10244015.433258317,
          82.36824971084637,
          106.10586771058317,
          -41.31441594163097,
          -43.127566174481416,
          156.29205210628245,
          3832540.8850269318,
          0.00014806478384912883,
          0.00015648631240748845,
          -0.003455357933553031,
          19831827.66263952,
          12810470.76916931,
          1574930.4129529512,
          -1689845.767766186,
          -10302379.521662563,
          -15336251.420865588,
          -5759722.663088699,
          53038185.015411556,
          11611471.941955995,
          -4631625.837585311,
          -11695362.842721004,
          -8.765740948614273,
          60.86358426479353,
          -85.28026541204747,
          -134.5712660991012,
          -160.09141448690593,
          9506964.155270502,
          0.00002735345284746452,
          0.00035739814201275744,
          -0.0029527319076056843,
          9681204.0280323,
          3169580.265111808,
          -1876365.37799141,
          -4866606.604121234,
          -10594689.474649247,
          -13955884.041753482,
          -18506003.53195015,
          11611471.941955995,
          90631068.7915974,
          9636002.08257776,
          -60774101.4648208,
          -8.015351017117775,
          129.92769308936306,
          -79.1196392073695,
          -275.40127657855567,
          -316.7114149578284,
          248528.79157063825,
          0.00001618208960145566,
          0.00032867615882071306,
          0.000496558843421469,
          335907.8911825856,
          3062331.335134833,
          7209864.029288199,
          7220298.66699684,
          4925918.98398579,
          4540513.640136667,
          1936216.072521596,
          -4631625.837585311,
          9636002.08257776,
          53726082.59106262,
          -49327141.94539019,
          64.39249035129684,
          182.2892307226714,
          26.54782672913911,
          -187.8369662353802,
          -92.50867321116098,
          -11339407.74344836,
          0.0017599848404078488,
          0.0015397876060088897,
          0.0059817621594096485,
          3070430.612313934,
          4990791.315356638,
          7135596.875922721,
          11767323.126667801,
          15285367.750703469,
          13427196.669603001,
          10244015.433258317,
          -11695362.842721004,
          -60774101.4648208,
          -49327141.94539019,
          87133822.88827102,
          -48.780288850816504,
          -178.03056048930756,
          233.6145276847211,
          214.51600556662873,
          296.4327592064912,
          0.044935587034794125,
          -9.260893944817924e-8,
          -8.532760231840368e-8,
          -5.310913868000905e-8,
          -0.4771488009341507,
          33.357602767045236,
          44.94667356279282,
          22.20017094294544,
          -61.18314439069634,
          -4.486822483158278,
          82.36824971084637,
          -8.765740948614273,
          -8.015351017117775,
          64.39249035129684,
          -48.780288850816504,
          0.006971209910984143,
          0.0007881817403164607,
          0.0005220293014053594,
          -0.002096713258175253,
          -0.0001890338222158996,
          -41.53073986039685,
          -2.0346793855691957e-9,
          -5.802424711081834e-9,
          2.4914448941546734e-8,
          110.85291503952772,
          186.32049653253415,
          160.92559082594306,
          85.68673417816223,
          6.1726592306603365,
          41.344369695020674,
          106.10586771058317,
          60.86358426479353,
          129.92769308936306,
          182.2892307226714,
          -178.03056048930756,
          0.0007881817403164607,
          0.00878654920881605,
          0.003925922451285197,
          -0.008366840115905622,
          -0.004065701577240743,
          -297.35202919664084,
          4.5447171058896015e-9,
          -2.0281052923143854e-9,
          1.388500473903515e-7,
          142.16496200223867,
          242.22054112313208,
          221.1427940025516,
          280.25058369435044,
          309.9424917110477,
          167.87954845130804,
          -41.31441594163097,
          -85.28026541204747,
          -79.1196392073695,
          26.54782672913911,
          233.6145276847211,
          0.0005220293014053594,
          0.003925922451285197,
          0.05991687556036611,
          -0.0493283403780584,
          -0.0005934590798779548,
          -19.23166531459842,
          1.1626002310461181e-8,
          1.7236693266156108e-9,
          1.38520038903724e-9,
          -186.11022324404883,
          -244.70913903474064,
          -234.12631430421416,
          -183.36249594312545,
          -15.170470007925296,
          -2.211369911017555,
          -43.127566174481416,
          -134.5712660991012,
          -275.40127657855567,
          -187.8369662353802,
          214.51600556662873,
          -0.002096713258175253,
          -0.008366840115905622,
          -0.0493283403780584,
          0.06231867174465669,
          0.004120444927665224,
          -91.32544299072816,
          3.443819245280313e-9,
          6.422058070779745e-10,
          7.532358597266196e-8,
          36.7378854780999,
          7.219931367863383,
          -21.279777223405997,
          56.63860226148263,
          114.70506850231953,
          147.33939911133535,
          156.29205210628245,
          -160.09141448690593,
          -316.7114149578284,
          -92.50867321116098,
          296.4327592064912,
          -0.0001890338222158996,
          -0.004065701577240743,
          -0.0005934590798779548,
          0.004120444927665224,
          0.010579108967038552
        ]
      },
      "beta_standard_errors_corrected": null,
      "reml_score": 900.1738187802985,
      "fitted_link_parameters": "Standard"
    },
    "data_schema": {
      "columns": [
        {
          "name": "hour",
          "kind": "continuous",
          "levels": []
        },
        {
          "name": "demand_forecast",
          "kind": "continuous",
          "levels": []
        },
        {
          "name": "net_generation",
          "kind": "continuous",
          "levels": []
        },
        {
          "name": "total_interchange",
          "kind": "continuous",
          "levels": []
        },
        {
          "name": "y",
          "kind": "continuous",
          "levels": []
        }
      ]
    },
    "link": null,
    "mixture_link_param_covariance": null,
    "sas_param_covariance": null,
    "formula_noise": "y ~ linear(hour) + linear(demand_forecast) + linear(net_generation) + linear(total_interchange)",
    "beta_noise": [
      -7.208338239815134,
      -0.13949202478618491,
      0.3789588458806603,
      0.5627410829863824,
      -0.02616027052046269
    ],
    "sigma_min": 40.743888127428676,
    "sigma_max": 40743888.12742867,
    "joint_beta_link": null,
    "joint_knot_range": null,
    "joint_knot_vector": null,
    "joint_link_transform": null,
    "joint_degree": null,
    "joint_ridge_used": null,
    "probit_wiggle_knots": null,
    "probit_wiggle_degree": null,
    "beta_wiggle": null,
    "survival_entry": null,
    "survival_exit": null,
    "survival_event": null,
    "survival_spec": null,
    "survival_baseline_target": null,
    "survival_baseline_scale": null,
    "survival_baseline_shape": null,
    "survival_baseline_rate": null,
    "survival_time_basis": null,
    "survival_time_degree": null,
    "survival_time_knots": null,
    "survival_time_smooth_lambda": null,
    "survival_ridge_lambda": null,
    "survival_likelihood": null,
    "survival_sigma_min": null,
    "survival_sigma_max": null,
    "survival_beta_time": null,
    "survival_beta_threshold": null,
    "survival_beta_log_sigma": null,
    "survival_distribution": null,
    "training_headers": [
      "hour",
      "demand_forecast",
      "net_generation",
      "total_interchange",
      "y"
    ],
    "resolved_term_spec": {
      "linear_terms": [
        {
          "name": "demand_forecast",
          "feature_col": 1,
          "double_penalty": true,
          "coefficient_geometry": "Unconstrained",
          "coefficient_min": null,
          "coefficient_max": null
        },
        {
          "name": "net_generation",
          "feature_col": 2,
          "double_penalty": true,
          "coefficient_geometry": "Unconstrained",
          "coefficient_min": null,
          "coefficient_max": null
        },
        {
          "name": "total_interchange",
          "feature_col": 3,
          "double_penalty": true,
          "coefficient_geometry": "Unconstrained",
          "coefficient_min": null,
          "coefficient_max": null
        }
      ],
      "random_effect_terms": [],
      "smooth_terms": [
        {
          "name": "s(hour, type=ps, knots=8)",
          "basis": {
            "BSpline1D": {
              "feature_col": 0,
              "spec": {
                "degree": 3,
                "penalty_order": 2,
                "knot_spec": {
                  "Provided": {
                    "v": 1,
                    "dim": [
                      16
                    ],
                    "data": [
                      -1.7869400457689395,
                      -1.7869400457689395,
                      -1.7869400457689395,
                      -1.7869400457689395,
                      -1.4030202817566355,
                      -1.0191005177443313,
                      -0.6351807537320273,
                      -0.2512609897197233,
                      0.13265877429258066,
                      0.5165785383048849,
                      0.9004983023171886,
                      1.2844180663294928,
                      1.6683378303417973,
                      1.6683378303417973,
                      1.6683378303417973,
                      1.6683378303417973
                    ]
                  }
                },
                "double_penalty": true,
                "identifiability": {
                  "FrozenTransform": {
                    "transform": {
                      "v": 1,
                      "dim": [
                        12,
                        11
                      ],
                      "data": [
                        -0.11909699865495928,
                        -0.16474490213592038,
                        -0.3465667261510192,
                        -0.3883372552913178,
                        -0.3609084864478777,
                        -0.3751464092212506,
                        -0.3640909035084515,
                        -0.3794078083694415,
                        -0.2682958572607454,
                        -0.13874143382434903,
                        -0.15656726208799693,
                        0.9877360396117281,
                        -0.016964532916720485,
                        -0.03568755425754148,
                        -0.03998885589032155,
                        -0.03716439063599912,
                        -0.03863053439172717,
                        -0.0374920986152985,
                        -0.03906935007089839,
                        -0.027627646397000473,
                        -0.014286837349809426,
                        -0.01612244407527256,
                        -0.01696453291672049,
                        0.976533243098395,
                        -0.04936600166274803,
                        -0.05531592084251168,
                        -0.05140888492082785,
                        -0.05343697725130197,
                        -0.0518621979311351,
                        -0.05404398369929996,
                        -0.038216864852371565,
                        -0.01976274505325796,
                        -0.022301909379494056,
                        -0.03568755425754148,
                        -0.04936600166274803,
                        0.8961508771584984,
                        -0.11636571051286144,
                        -0.1081466480060577,
                        -0.11241305813585044,
                        -0.10910026298210247,
                        -0.11368999135021882,
                        -0.08039516588328192,
                        -0.041574032119149285,
                        -0.046915562304872906,
                        -0.039988855890321556,
                        -0.05531592084251169,
                        -0.11636571051286146,
                        0.8696091193391222,
                        -0.12118120202147747,
                        -0.1259618283041888,
                        -0.12224975302322758,
                        -0.1273926660108706,
                        -0.09008492651484189,
                        -0.046584811253658334,
                        -0.05257013821916666,
                        -0.03716439063599912,
                        -0.05140888492082785,
                        -0.10814664800605771,
                        -0.12118120202147747,
                        0.8873779849561507,
                        -0.11706497943229556,
                        -0.11361509288914819,
                        -0.1183947551981661,
                        -0.08372211019478451,
                        -0.04329446503505166,
                        -0.04885704051959228,
                        -0.03863053439172717,
                        -0.05343697725130196,
                        -0.11241305813585044,
                        -0.1259618283041888,
                        -0.11706497943229556,
                        0.8783167802125715,
                        -0.11809723442692802,
                        -0.12306545551301537,
                        -0.08702496669203484,
                        -0.04500244163529872,
                        -0.05078446200169691,
                        -0.03749209861529851,
                        -0.0518621979311351,
                        -0.10910026298210249,
                        -0.12224975302322758,
                        -0.11361509288914819,
                        -0.11809723442692802,
                        0.8853830725086573,
                        -0.11943873588294703,
                        -0.08446035460253856,
                        -0.043676226753962814,
                        -0.049287851889003385,
                        -0.03906935007089839,
                        -0.05404398369929997,
                        -0.11368999135021883,
                        -0.1273926660108706,
                        -0.1183947551981661,
                        -0.12306545551301537,
                        -0.11943873588294703,
                        0.8755366075364923,
                        -0.08801350905794102,
                        -0.04551363769565624,
                        -0.051361337743529564,
                        -0.027627646397000473,
                        -0.038216864852371565,
                        -0.08039516588328192,
                        -0.09008492651484189,
                        -0.08372211019478451,
                        -0.08702496669203484,
                        -0.08446035460253856,
                        -0.088013509057941,
                        0.9377617978799391,
                        -0.032184684060905536,
                        -0.03631984855340901,
