{
  "version": 1,
  "formula": "y ~ linear(x1) + s(x2, type=ps, knots=7)",
  "family": "binomial-logit",
  "link": null,
  "formula_noise": null,
  "beta_noise": null,
  "sigma_min": null,
  "sigma_max": null,
  "joint_beta_link": null,
  "joint_knot_range": null,
  "joint_knot_vector": null,
  "joint_link_transform": null,
  "joint_degree": null,
  "joint_ridge_used": null,
  "probit_wiggle_knots": null,
  "probit_wiggle_degree": null,
  "beta_wiggle": null,
  "survival_entry": null,
  "survival_exit": null,
  "survival_event": null,
  "survival_spec": null,
  "survival_monotonicity_lambda": null,
  "survival_baseline_target": null,
  "survival_baseline_scale": null,
  "survival_baseline_shape": null,
  "survival_baseline_rate": null,
  "survival_time_basis": null,
  "survival_time_degree": null,
  "survival_time_knots": null,
  "survival_time_smooth_lambda": null,
  "survival_ridge_lambda": null,
  "survival_likelihood": null,
  "fit_max_iter": 80,
  "fit_tol": 1e-6,
  "beta": [
    -0.26564673019633933,
    1.126412153423928,
    4.49705843408074,
    3.2252880515486537,
    1.5380060233407813,
    -1.2280549502089624,
    -3.8021125248208802,
    -3.7254173190395186,
    -2.746402138531411,
    -2.7980063846600616,
    -3.5692139641033878,
    -4.47522823199714
  ],
  "lambdas": [
    8.480479530686432,
    0.009344109084375557
  ],
  "scale": 1.0,
  "covariance_conditional": [
    [
      0.0001416964526610653,
      -0.000017409079336885215,
      0.0002961317135744463,
      0.00015474817729937905,
      -1.7742800140237947e-6,
      -0.00018313725184024076,
      -0.0003201466976066284,
      -0.000256478682408093,
      -0.0000357832620470196,
      0.00018487218718763005,
      0.0003760241294230594,
      0.0005617304214386772
    ],
    [
      -0.000017409079336885215,
      0.0002051015678573301,
      0.00022017404952826063,
      0.00016966244303414027,
      0.00009791674388044802,
      -0.00003955319772301521,
      -0.0001749491548450972,
      -0.00018764974366469487,
      -0.0001465488735465841,
      -0.0001449665577627561,
      -0.0001740527464118786,
      -0.00020933602563903434
    ],
    [
      0.0002961317135744463,
      0.00022017404952826063,
      0.37772757677480895,
      0.1320909982450233,
      -0.05255263059932945,
      -0.23658481269472975,
      -0.4287346307181934,
      -0.3519596422065132,
      -0.12669922189283084,
      -0.01954656618715643,
      -0.0026296537759698435,
      -0.0014458548921959578
    ],
    [
      0.00015474817729937905,
      0.00016966244303414027,
      0.1320909982450233,
      0.07072462305811485,
      -0.011623250430220666,
      -0.07479233001136185,
      -0.13200165717768297,
      -0.10907180460742388,
      -0.03928549789206989,
      -0.00632409889982991,
      -0.0012726532316138623,
      -0.0010829666706676342
    ],
    [
      -1.7742800140237947e-6,
      0.00009791674388044802,
      -0.05255263059932945,
      -0.011623250430220666,
      0.017425589721971172,
      0.037348057877327596,
      0.07169226702434825,
      0.05820972529453651,
      0.02082203014421155,
      0.002818735546629865,
      -0.000217250683910695,
      -0.0006398309793536432
    ],
    [
      -0.00018313725184024076,
      -0.00003955319772301521,
      -0.23658481269472975,
      -0.07479233001136185,
      0.037348057877327596,
      0.16936146866145307,
      0.30371589585032666,
      0.2501269340169277,
      0.089530441736411,
      0.013238154499396524,
      0.0010458429823427355,
      0.00002353025907594384
    ],
    [
      -0.0003201466976066284,
      -0.0001749491548450972,
      -0.4287346307181934,
      -0.13200165717768297,
      0.07169226702434825,
      0.30371589585032666,
      0.5571920984594715,
      0.4546051531697382,
      0.16429362225132224,
      0.024962790355257017,
      0.0023806841232258593,
      0.00017566488571328463
    ],
    [
      -0.000256478682408093,
      -0.00018764974366469487,
      -0.3519596422065132,
      -0.10907180460742388,
      0.05820972529453651,
      0.2501269340169277,
      0.4546051531697382,
      0.374972437200041,
      0.1329686319300025,
      0.019994626119785065,
      0.0028505431548856786,
      0.002394693385023051
    ],
    [
      -0.0000357832620470196,
      -0.0001465488735465841,
      -0.12669922189283084,
      -0.03928549789206989,
      0.02082203014421155,
      0.089530441736411,
      0.16429362225132224,
      0.1329686319300025,
      0.052700839558919764,
      0.00542108453346206,
      -0.006727314761186314,
      -0.01279086214166521
    ],
    [
      0.00018487218718763005,
      -0.0001449665577627561,
      -0.01954656618715643,
      -0.00632409889982991,
      0.002818735546629865,
      0.013238154499396524,
      0.024962790355257017,
      0.019994626119785065,
      0.00542108453346206,
      0.029189145835362466,
      0.04674411538586663,
      0.06470026096257867
    ],
    [
      0.0003760241294230594,
      -0.0001740527464118786,
      -0.0026296537759698435,
      -0.0012726532316138623,
      -0.000217250683910695,
      0.0010458429823427355,
      0.0023806841232258593,
      0.0028505431548856786,
      -0.006727314761186314,
      0.04674411538586663,
      0.18703214794580003,
      0.32535479149083535
    ],
    [
      0.0005617304214386772,
      -0.00020933602563903434,
      -0.0014458548921959578,
      -0.0010829666706676342,
      -0.0006398309793536432,
      0.00002353025907594384,
      0.00017566488571328463,
      0.002394693385023051,
      -0.01279086214166521,
      0.06470026096257867,
      0.32535479149083535,
      0.6999876193333066
    ]
  ],
  "covariance_corrected": [
    [
      0.0001417071630318242,
      -0.00001740282808650389,
      0.0003088718761026141,
      0.00016257281476956322,
      -1.564153620225011e-6,
      -0.00019025605112573082,
      -0.0003326021674418578,
      -0.000264342292152321,
      -0.000042156630497853126,
      0.00018501669822209446,
      0.000389204194032331,
      0.0005883664474196173
    ],
    [
      -0.00001740282808650389,
      0.00020511058377143375,
      0.00023322843083233423,
      0.00017615853702986488,
      0.00009721628413980089,
      -0.000047479764340589374,
      -0.00018907128411120724,
      -0.0001978607735267585,
      -0.0001522243908222066,
      -0.00014570444899695545,
      -0.00016852086096307936,
      -0.0001980260984228111
    ],
    [
      0.0003088718761026141,
      0.00023322843083233423,
      0.39876350318176546,
      0.1434179352549849,
      -0.05316429632925014,
      -0.24900079320367952,
      -0.45072355601659,
      -0.36719787849314106,
      -0.13632756499743587,
      -0.02023537617580192,
      0.010786313508881578,
      0.02580337181926714
    ],
    [
      0.00016257281476956322,
      0.00017615853702986488,
      0.1434179352549849,
      0.07713442275818332,
      -0.011765583249779882,
      -0.08134868948587966,
      -0.1435641068883093,
      -0.1168371429692999,
      -0.0446445652055827,
      -0.006514056914307439,
      0.007579600700275287,
      0.016853698383223547
    ],
    [
      -1.564153620225011e-6,
      0.00009721628413980089,
      -0.05316429632925014,
      -0.011765583249779882,
      0.017555939460941947,
      0.03778678735719275,
      0.07249874532151111,
      0.058917510740912615,
      0.020996895560322675,
      0.002947665207487009,
      0.0003727042465533125,
      0.0005324372333859136
    ],
    [
      -0.00019025605112573082,
      -0.000047479764340589374,
      -0.24900079320367952,
      -0.08134868948587966,
      0.03778678735719275,
      0.17674336544022903,
      0.316809719673844,
      0.2593036920899841,
      0.09514079921288551,
      0.01371988777027286,
      -0.006196058381323542,
      -0.01470346869801415
    ],
    [
      -0.0003326021674418578,
      -0.00018907128411120724,
      -0.45072355601659,
      -0.1435641068883093,
      0.07249874532151111,
      0.316809719673844,
      0.5804252603782112,
      0.4709266819379282,
      0.1742021409245215,
      0.025844469747921164,
      -0.010188178464069532,
      -0.02539158873487911
    ],
    [
      -0.000264342292152321,
      -0.0001978607735267585,
      -0.36719787849314106,
      -0.1168371429692999,
      0.058917510740912615,
      0.2593036920899841,
      0.4709266819379282,
      0.38663333451273635,
      0.13969616993516995,
      0.020749679940668418,
      -0.004563218897637441,
      -0.012724550157259991
    ],
    [
      -0.000042156630497853126,
      -0.0001522243908222066,
      -0.13632756499743587,
      -0.0446445652055827,
      0.020996895560322675,
      0.09514079921288551,
      0.1742021409245215,
      0.13969616993516995,
      0.05720595390493894,
      0.00563467990813464,
      -0.013782994018678281,
      -0.02709741338735195
    ],
    [
      0.00018501669822209446,
      -0.00014570444899695545,
      -0.02023537617580192,
      -0.006514056914307439,
      0.002947665207487009,
      0.01371988777027286,
      0.025844469747921164,
      0.020749679940668418,
      0.00563467990813464,
      0.02931705753968144,
      0.047252976217073916,
      0.06570866447116123
    ],
    [
      0.000389204194032331,
      -0.00016852086096307936,
      0.010786313508881578,
      0.007579600700275287,
      0.0003727042465533125,
      -0.006196058381323542,
      -0.010188178464069532,
      -0.004563218897637441,
      -0.013782994018678281,
      0.047252976217073916,
      0.20412132827520477,
      0.35983839671538326
    ],
    [
      0.0005883664474196173,
      -0.0001980260984228111,
      0.02580337181926714,
      0.016853698383223547,
      0.0005324372333859136,
      -0.01470346869801415,
      -0.02539158873487911,
      -0.012724550157259991,
      -0.02709741338735195,
      0.06570866447116123,
      0.35983839671538326,
      0.7695737760482628
    ]
  ]
}