{
  "version": 1,
  "formula": "y ~ linear(x1) + s(x2, type=ps, knots=7)",
  "family": "binomial-logit",
  "link": null,
  "formula_noise": null,
  "beta_noise": null,
  "sigma_min": null,
  "sigma_max": null,
  "joint_beta_link": null,
  "joint_knot_range": null,
  "joint_knot_vector": null,
  "joint_link_transform": null,
  "joint_degree": null,
  "joint_ridge_used": null,
  "probit_wiggle_knots": null,
  "probit_wiggle_degree": null,
  "beta_wiggle": null,
  "survival_entry": null,
  "survival_exit": null,
  "survival_event": null,
  "survival_spec": null,
  "survival_monotonicity_lambda": null,
  "survival_baseline_target": null,
  "survival_baseline_scale": null,
  "survival_baseline_shape": null,
  "survival_baseline_rate": null,
  "survival_time_basis": null,
  "survival_time_degree": null,
  "survival_time_knots": null,
  "survival_time_smooth_lambda": null,
  "survival_ridge_lambda": null,
  "survival_likelihood": null,
  "fit_max_iter": 80,
  "fit_tol": 1e-6,
  "beta": [
    -0.26564673021491314,
    1.1264121533922853,
    4.497058390211815,
    3.225288030502554,
    1.538006026166446,
    -1.228054923246236,
    -3.8021124766634413,
    -3.7254172836161734,
    -2.7464021198994746,
    -2.798006381723965,
    -3.569213978585484,
    -4.475228261769704
  ],
  "lambdas": [
    8.480480862477037,
    0.009344112798476517
  ],
  "scale": 1.0,
  "covariance_conditional": [
    [
      0.00014169645261101244,
      -0.000017409079337194836,
      0.0002961316936414826,
      0.00015474816888994008,
      -1.7742773197339537e-6,
      -0.0001831372393611091,
      -0.0003201466757552056,
      -0.0002564786641627105,
      -0.00003578325499634768,
      0.00018487218493504228,
      0.00037602411882452344,
      0.0005617304023485609
    ],
    [
      -0.000017409079337194836,
      0.0002051015678452599,
      0.00022017404898059414,
      0.00016966244250043446,
      0.00009791674336363725,
      -0.00003955319728748513,
      -0.0001749491543795141,
      -0.0001876497435513221,
      -0.00014654887301178356,
      -0.00014496655784892987,
      -0.0001740527479806727,
      -0.00020933602867713658
    ],
    [
      0.0002961316936414826,
      0.00022017404898059414,
      0.3777275356376817,
      0.13209098739077843,
      -0.05255262232154611,
      -0.23658478632432278,
      -0.4287345813693167,
      -0.35195960189458164,
      -0.12669920744527374,
      -0.019546563932272932,
      -0.002629653379878051,
      -0.0014458545511370244
    ],
    [
      0.00015474816888994008,
      0.00016966244250043446,
      0.13209098739077843,
      0.07072461753097803,
      -0.011623248246460938,
      -0.07479232406595657,
      -0.13200164614602933,
      -0.10907179550673785,
      -0.03928549468444435,
      -0.006324098376500463,
      -0.0012726530694377267,
      -0.0010829664644946045
    ],
    [
      -1.7742773197339537e-6,
      0.00009791674336363725,
      -0.05255262232154611,
      -0.011623248246460938,
      0.01742558759232254,
      0.03734805214768148,
      0.07169225588125877,
      0.05820971633757833,
      0.02082202686968542,
      0.0028187350452763167,
      -0.00021725071640718376,
      -0.0006398309459523229
    ],
    [
      -0.0001831372393611091,
      -0.00003955319728748513,
      -0.23658478632432278,
      -0.07479232406595657,
      0.03734805214768148,
      0.16936144866480982,
      0.3037158587598706,
      0.2501269036240379,
      0.08953043089523698,
      0.013238152797107775,
      0.0010458426430795405,
      0.00002352992666830159
    ],
    [
      -0.0003201466757552056,
      -0.0001749491543795141,
      -0.4287345813693167,
      -0.13200164614602933,
      0.07169225588125877,
      0.3037158587598706,
      0.5571920288745458,
      0.4546050965230745,
      0.1642936017914395,
      0.02496278726940234,
      0.0023806838524332344,
      0.0001756648890281281
    ],
    [
      -0.0002564786641627105,
      -0.0001876497435513221,
      -0.35195960189458164,
      -0.10907179550673785,
      0.05820971633757833,
      0.2501269036240379,
      0.4546050965230745,
      0.37497239083805856,
      0.1329686154379827,
      0.01999462338442089,
      0.0028505423640176886,
      0.0023946924727115794
    ],
    [
      -0.00003578325499634768,
      -0.00014654887301178356,
      -0.12669920744527374,
      -0.03928549468444435,
      0.02082202686968542,
      0.08953043089523698,
      0.1642936017914395,
      0.1329686154379827,
      0.05270083330540439,
      0.005421084130192816,
      -0.006727313873768453,
      -0.01279086072568401
    ],
    [
      0.00018487218493504228,
      -0.00014496655784892987,
      -0.019546563932272932,
      -0.006324098376500463,
      0.0028187350452763167,
      0.013238152797107775,
      0.02496278726940234,
      0.01999462338442089,
      0.005421084130192816,
      0.02918914417800319,
      0.04674411400113785,
      0.06470025980811817
    ],
    [
      0.00037602411882452344,
      -0.0001740527479806727,
      -0.002629653379878051,
      -0.0012726530694377267,
      -0.00021725071640718376,
      0.0010458426430795405,
      0.0023806838524332344,
      0.0028505423640176886,
      -0.006727313873768453,
      0.04674411400113785,
      0.18703213247058548,
      0.32535476228639565
    ],
    [
      0.0005617304023485609,
      -0.00020933602867713658,
      -0.0014458545511370244,
      -0.0010829664644946045,
      -0.0006398309459523229,
      0.00002352992666830159,
      0.0001756648890281281,
      0.0023946924727115794,
      -0.01279086072568401,
      0.06470025980811817,
      0.32535476228639565,
      0.6999875442991031
    ]
  ],
  "covariance_corrected": [
    [
      0.00014170716297854155,
      -0.00001740282808800364,
      0.00030887185344486806,
      0.00016257280514110612,
      -1.5641504352813764e-6,
      -0.0001902560370930165,
      -0.00033260214249252086,
      -0.00026434227170934826,
      -0.00004215662214489475,
      0.00018501669570927763,
      0.0003892041800739741,
      0.0005883664219135281
    ],
    [
      -0.00001740282808800364,
      0.00020511058376149674,
      0.00023322843153393978,
      0.00017615853711778164,
      0.00009721628371807708,
      -0.00004747976475527831,
      -0.00018907128496795979,
      -0.0001978607744903152,
      -0.0001522243906695689,
      -0.00014570444952481695,
      -0.00016852086409730295,
      -0.00019802610429784954
    ],
    [
      0.00030887185344486806,
      0.00023322843153393978,
      0.39876346169235505,
      0.14341792444299165,
      -0.05316428758028024,
      -0.24900076671618912,
      -0.4507235060455421,
      -0.36719783777584897,
      -0.13632755023792237,
      -0.020235374448511707,
      0.010786311012328792,
      0.02580336686014577
    ],
    [
      0.00016257280514110612,
      0.00017615853711778164,
      0.14341792444299165,
      0.0771344174541414,
      -0.011765580751910261,
      -0.08134868359727443,
      -0.1435640956967766,
      -0.116837133717875,
      -0.04464456197069684,
      -0.00651405666631008,
      0.007579599664422593,
      0.01685369647935674
    ],
    [
      -1.5641504352813764e-6,
      0.00009721628371807708,
      -0.05316428758028024,
      -0.011765580751910261,
      0.017555937357676438,
      0.03778678137137228,
      0.07249873373843302,
      0.058917501529494806,
      0.020996892032741472,
      0.002947664728872139,
      0.0003727048333572352,
      0.0005324385131099513
    ],
    [
      -0.0001902560370930165,
      -0.00004747976475527831,
      -0.24900076671618912,
      -0.08134868359727443,
      0.03778678137137228,
      0.17674334542924347,
      0.3168096823263196,
      0.25930366154516155,
      0.09514078822284425,
      0.013719886380826392,
      -0.006196057058204733,
      -0.014703465985731997
    ],
    [
      -0.00033260214249252086,
      -0.00018907128496795979,
      -0.4507235060455421,
      -0.1435640956967766,
      0.07249873373843302,
      0.3168096823263196,
      0.5804251899375501,
      0.4709266247732349,
      0.17420211999150867,
      0.02584446721979504,
      -0.010188175360685607,
      -0.02539158246720799
    ],
    [
      -0.00026434227170934826,
      -0.0001978607744903152,
      -0.36719783777584897,
      -0.116837133717875,
      0.058917501529494806,
      0.25930366154516155,
      0.4709266247732349,
      0.3866332878816268,
      0.13969615310307773,
      0.02074967760203733,
      -0.004563217230877279,
      -0.012724546474296996
    ],
    [
      -0.00004215662214489475,
      -0.0001522243906695689,
      -0.13632755023792237,
      -0.04464456197069684,
      0.020996892032741472,
      0.09514078822284425,
      0.17420211999150867,
      0.13969615310307773,
      0.05720594745466201,
      0.005634679736797866,
      -0.01378299178893582,
      -0.027097409516937607
    ],
    [
      0.00018501669570927763,
      -0.00014570444952481695,
      -0.020235374448511707,
      -0.00651405666631008,
      0.002947664728872139,
      0.013719886380826392,
      0.02584446721979504,
      0.02074967760203733,
      0.005634679736797866,
      0.029317055910707525,
      0.04725297456188055,
      0.06570866276029565
    ],
    [
      0.0003892041800739741,
      -0.00016852086409730295,
      0.010786311012328792,
      0.007579599664422593,
      0.0003727048333572352,
      -0.006196057058204733,
      -0.010188175360685607,
      -0.004563217230877279,
      -0.01378299178893582,
      0.04725297456188055,
      0.2041213093994218,
      0.3598383610677413
    ],
    [
      0.0005883664219135281,
      -0.00019802610429784954,
      0.02580336686014577,
      0.01685369647935674,
      0.0005324385131099513,
      -0.014703465985731997,
      -0.02539158246720799,
      -0.012724546474296996,
      -0.027097409516937607,
      0.06570866276029565,
      0.3598383610677413,
      0.769573688863836
    ]
  ]
}