{
  "version": 1,
  "formula": "y ~ linear(x1) + s(x2, type=ps, knots=7)",
  "family": "binomial-logit",
  "link": null,
  "formula_noise": null,
  "beta_noise": null,
  "sigma_min": null,
  "sigma_max": null,
  "joint_beta_link": null,
  "joint_knot_range": null,
  "joint_knot_vector": null,
  "joint_link_transform": null,
  "joint_degree": null,
  "joint_ridge_used": null,
  "probit_wiggle_knots": null,
  "probit_wiggle_degree": null,
  "beta_wiggle": null,
  "survival_entry": null,
  "survival_exit": null,
  "survival_event": null,
  "survival_spec": null,
  "survival_monotonicity_lambda": null,
  "survival_baseline_target": null,
  "survival_baseline_scale": null,
  "survival_baseline_shape": null,
  "survival_baseline_rate": null,
  "survival_time_basis": null,
  "survival_time_degree": null,
  "survival_time_knots": null,
  "survival_time_smooth_lambda": null,
  "survival_ridge_lambda": null,
  "survival_likelihood": null,
  "fit_max_iter": 80,
  "fit_tol": 1e-6,
  "beta": [
    -0.2562215759359818,
    1.0986359334528175,
    4.2981372570241865,
    3.170824538342097,
    1.7269831230178512,
    -0.6542450843134789,
    -3.277073535444537,
    -3.772947446588064,
    -2.657967685383423,
    -2.3639465736073784,
    -2.9917372275169556,
    -3.794280418834812
  ],
  "lambdas": [
    33.04470074905087,
    0.010848726462119082
  ],
  "scale": 1.0,
  "covariance_conditional": [
    [
      0.0001387708160361921,
      -0.000014082016990338273,
      0.00016248907010372627,
      0.00009777925536036492,
      0.00002266370631493981,
      -0.00008084755444847671,
      -0.00016932028168048087,
      -0.00014595842324290688,
      -0.000024108100343124774,
      0.0000999869921226831,
      0.000198603433598439,
      0.0002912194371753361
    ],
    [
      -0.000014082016990338273,
      0.00020229949831239807,
      0.00023520208006513503,
      0.00017710664073232978,
      0.00010211598272425257,
      -0.000025341018694243134,
      -0.0001737639934938619,
      -0.0002095957264422621,
      -0.00015231700022961273,
      -0.0001350214500438463,
      -0.00016692259953703228,
      -0.00020880424801366341
    ],
    [
      0.00016248907010372627,
      0.00023520208006513503,
      0.1669603673901075,
      0.0741167204119373,
      -0.00477520395478133,
      -0.0869476308184498,
      -0.17099494980677102,
      -0.1597413897135918,
      -0.06789904096102889,
      -0.012704647472975525,
      -0.0022075914263655913,
      -0.0009875711833332037
    ],
    [
      0.00009777925536036492,
      0.00017710664073232978,
      0.0741167204119373,
      0.04188233420659998,
      0.0024638369807955425,
      -0.036024297501613296,
      -0.07007734609691096,
      -0.0653144029392391,
      -0.027925003831333447,
      -0.005458655637654764,
      -0.0012496360530925353,
      -0.000831435341789478
    ],
    [
      0.00002266370631493981,
      0.00010211598272425257,
      -0.00477520395478133,
      0.0024638369807955425,
      0.006233840843593018,
      0.004543287865999221,
      0.00889700238019912,
      0.008632465317276818,
      0.0034430772337961145,
      0.00028772158759854285,
      -0.00042673499052892143,
      -0.000636487470411704
    ],
    [
      -0.00008084755444847671,
      -0.000025341018694243134,
      -0.0869476308184498,
      -0.036024297501613296,
      0.004543287865999221,
      0.05051563428744258,
      0.09662389387622769,
      0.09064558107848097,
      0.03835480861666318,
      0.006809541020470945,
      0.0006595493027065004,
      -0.0002196396081448224
    ],
    [
      -0.00016932028168048087,
      -0.0001737639934938619,
      -0.17099494980677102,
      -0.07007734609691096,
      0.00889700238019912,
      0.09662389387622769,
      0.19279000686130499,
      0.1790117877500273,
      0.07598934289887514,
      0.013990034734936348,
      0.0021538911452049156,
      0.0007365684350943166
    ],
    [
      -0.00014595842324290688,
      -0.0002095957264422621,
      -0.1597413897135918,
      -0.0653144029392391,
      0.008632465317276818,
      0.09064558107848097,
      0.1790117877500273,
      0.1685943502125785,
      0.07064842580695353,
      0.012395333336428832,
      0.001240738179033715,
      -0.00016472013701443472
    ],
    [
      -0.000024108100343124774,
      -0.00015231700022961273,
      -0.06789904096102889,
      -0.027925003831333447,
      0.0034430772337961145,
      0.03835480861666318,
      0.07598934289887514,
      0.07064842580695353,
      0.03207823256169518,
      0.005742632143932719,
      -0.0007203152785424279,
      -0.003030156493794713
    ],
    [
      0.0000999869921226831,
      -0.0001350214500438463,
      -0.012704647472975525,
      -0.005458655637654764,
      0.00028772158759854285,
      0.006809541020470945,
      0.013990034734936348,
      0.012395333336428832,
      0.005742632143932719,
      0.011179380849971821,
      0.016740582375834992,
      0.02281264727202283
    ],
    [
      0.000198603433598439,
      -0.00016692259953703228,
      -0.0022075914263655913,
      -0.0012496360530925353,
      -0.00042673499052892143,
      0.0006595493027065004,
      0.0021538911452049156,
      0.001240738179033715,
      -0.0007203152785424279,
      0.016740582375834992,
      0.055892063247580934,
      0.09428788986336838
    ],
    [
      0.0002912194371753361,
      -0.00020880424801366341,
      -0.0009875711833332037,
      -0.000831435341789478,
      -0.000636487470411704,
      -0.0002196396081448224,
      0.0007365684350943166,
      -0.00016472013701443472,
      -0.003030156493794713,
      0.02281264727202283,
      0.09428788986336838,
      0.19443118575319676
    ]
  ],
  "covariance_corrected": [
    [
      0.0001388467908696763,
      -0.000014068499473163077,
      0.000250336148561645,
      0.00014979893155288356,
      0.00002907475604082059,
      -0.0001278028767793639,
      -0.0002498189001078402,
      -0.0002196050539341802,
      -0.000056824019953217616,
      0.00008698862450828767,
      0.00018998711214678125,
      0.00028896768442743107
    ],
    [
      -0.000014068499473163077,
      0.00020230804202884959,
      0.00025324576692387584,
      0.00018735277375899557,
      0.0001031346124806737,
      -0.00003500498731936645,
      -0.00019074626199330814,
      -0.00022518333885099346,
      -0.00015917211021208676,
      -0.00013768392183412213,
      -0.00016912125911080827,
      -0.00021049184460219871
    ],
    [
      0.000250336148561645,
      0.00025324576692387584,
      0.26948408711952854,
      0.1346548565268389,
      0.0025896867543260403,
      -0.1417554234903122,
      -0.26511864152124354,
      -0.2458733370976348,
      -0.10613402249029327,
      -0.027871755735933264,
      -0.012432087868606865,
      -0.004097254955813775
    ],
    [
      0.00014979893155288356,
      0.00018735277375899557,
      0.1346548565268389,
      0.077659905548696,
      0.006833763126977871,
      -0.06838579208799286,
      -0.12562372704631158,
      -0.11614092263271708,
      -0.05049239120769301,
      -0.01441504168378745,
      -0.0072566274095040946,
      -0.0025809092030774075
    ],
    [
      0.00002907475604082059,
      0.0001031346124806737,
      0.0025896867543260403,
      0.006833763126977871,
      0.00677725581146728,
      0.0006070506692411265,
      0.002157093862146105,
      0.0024672643421590466,
      0.0007029417244934129,
      -0.0008021773853301156,
      -0.0011405812965270359,
      -0.0008009155373802559
    ],
    [
      -0.0001278028767793639,
      -0.00003500498731936645,
      -0.1417554234903122,
      -0.06838579208799286,
      0.0006070506692411265,
      0.07981519904495482,
      0.14694254785928265,
      0.13669199660135498,
      0.058795135778914556,
      0.014917648675630703,
      0.0061267695540114415,
      0.0014465911392657785
    ],
    [
      -0.0002498189001078402,
      -0.00019074626199330814,
      -0.26511864152124354,
      -0.12562372704631158,
      0.002157093862146105,
      0.14694254785928265,
      0.27923429077974976,
      0.25812003181662396,
      0.11110141706179893,
      0.02791393003061066,
      0.011571674707271383,
      0.0036800367000816184
    ],
    [
      -0.0002196050539341802,
      -0.00022518333885099346,
      -0.2458733370976348,
      -0.11614092263271708,
      0.0024672643421590466,
      0.13669199660135498,
      0.25812003181662396,
      0.24098953865769157,
      0.10278035362710353,
      0.025136934365734977,
      0.009862401644687775,
      0.0025388654772858232
    ],
    [
      -0.000056824019953217616,
      -0.00015917211021208676,
      -0.10613402249029327,
      -0.05049239120769301,
      0.0007029417244934129,
      0.058795135778914556,
      0.11110141706179893,
      0.10278035362710353,
      0.04634046099598734,
      0.011398860664816494,
      0.0031021521321114303,
      -0.0018436860971695087
    ],
    [
      0.00008698862450828767,
      -0.00013768392183412213,
      -0.027871755735933264,
      -0.01441504168378745,
      -0.0008021773853301156,
      0.014917648675630703,
      0.02791393003061066,
      0.025136934365734977,
      0.011398860664816494,
      0.013423174523310308,
      0.01825265869628953,
      0.023271227556377724
    ],
    [
      0.00018998711214678125,
      -0.00016912125911080827,
      -0.012432087868606865,
      -0.0072566274095040946,
      -0.0011405812965270359,
      0.0061267695540114415,
      0.011571674707271383,
      0.009862401644687775,
      0.0031021521321114303,
      0.01825265869628953,
      0.056941418975487934,
      0.09468281105374281
    ],
    [
      0.00028896768442743107,
      -0.00021049184460219871,
      -0.004097254955813775,
      -0.0025809092030774075,
      -0.0008009155373802559,
      0.0014465911392657785,
      0.0036800367000816184,
      0.0025388654772858232,
      -0.0018436860971695087,
      0.023271227556377724,
      0.09468281105374281,
      0.19476773334195674
    ]
  ]
}