{
  "model_type": "location-scale",
  "payload": {
    "version": 2,
    "formula": "y ~ linear(demand_forecast) + linear(net_generation) + linear(total_interchange) + s(hour, type=ps, knots=8)",
    "model_kind": "location-scale",
    "family_state": {
      "family_kind": "location-scale",
      "likelihood": "GaussianIdentity",
      "base_link": null
    },
    "family": "gaussian-location-scale",
    "fit_result": {
      "beta": {
        "v": 1,
        "dim": [
          15
        ],
        "data": [
          500049.19436758064,
          0.00024840916343800483,
          0.0002533045042352875,
          -0.000010210207390709302,
          0.000011410600840429006,
          -0.0006100383742967941,
          -0.000960457316184023,
          -0.0008254522939240589,
          -0.0004973449615987412,
          -0.00021609039604759346,
          0.00007920014366625626,
          0.0003143001860972023,
          0.00034550050590599044,
          -0.00001941815669282334,
          -0.0006834291063231562
        ]
      },
      "lambdas": {
        "v": 1,
        "dim": [
          4
        ],
        "data": [
          7.350627292085091,
          7.68312210098836,
          6.66327748837797,
          36.77123149381281
        ]
      },
      "standard_deviation": 1.0,
      "edf_by_block": [],
      "edf_total": 0.0,
      "iterations": 4,
      "final_grad_norm": 9.808709217073395e-6,
      "pirls_status": "Converged",
      "deviance": 1816.4137854758287,
      "stable_penalty_term": -5.160964493390566,
      "max_abs_eta": 500049.19562401477,
      "constraint_kkt": null,
      "smoothing_correction": null,
      "penalized_hessian": {
        "v": 1,
        "dim": [
          15,
          15
        ],
        "data": [
          0.0,
          0.0,
          0.0,
          0.0,
          0.0,
          0.0,
          0.0,
          0.0,
          0.0,
          0.0,
          0.0,
          0.0,
          0.0,
          0.0,
          0.0,
          0.0,
          0.0,
          0.0,
          0.0,
          0.0,
          0.0,
          0.0,
          0.0,
          0.0,
          0.0,
          0.0,
          0.0,
          0.0,
          0.0,
          0.0,
          0.0,
          0.0,
          0.0,
          0.0,
          0.0,
          0.0,
          0.0,
          0.0,
          0.0,
          0.0,
          0.0,
          0.0,
          0.0,
          0.0,
          0.0,
          0.0,
          0.0,
          0.0,
          0.0,
          0.0,
          0.0,
          0.0,
          0.0,
          0.0,
          0.0,
          0.0,
          0.0,
          0.0,
          0.0,
          0.0,
          0.0,
          0.0,
          0.0,
          0.0,
          0.0,
          0.0,
          0.0,
          0.0,
          0.0,
          0.0,
          0.0,
          0.0,
          0.0,
          0.0,
          0.0,
          0.0,
          0.0,
          0.0,
          0.0,
          0.0,
          0.0,
          0.0,
          0.0,
          0.0,
          0.0,
          0.0,
          0.0,
          0.0,
          0.0,
          0.0,
          0.0,
          0.0,
          0.0,
          0.0,
          0.0,
          0.0,
          0.0,
          0.0,
          0.0,
          0.0,
          0.0,
          0.0,
          0.0,
          0.0,
          0.0,
          0.0,
          0.0,
          0.0,
          0.0,
          0.0,
          0.0,
          0.0,
          0.0,
          0.0,
          0.0,
          0.0,
          0.0,
          0.0,
          0.0,
          0.0,
          0.0,
          0.0,
          0.0,
          0.0,
          0.0,
          0.0,
          0.0,
          0.0,
          0.0,
          0.0,
          0.0,
          0.0,
          0.0,
          0.0,
          0.0,
          0.0,
          0.0,
          0.0,
          0.0,
          0.0,
          0.0,
          0.0,
          0.0,
          0.0,
          0.0,
          0.0,
          0.0,
          0.0,
          0.0,
          0.0,
          0.0,
          0.0,
          0.0,
          0.0,
          0.0,
          0.0,
          0.0,
          0.0,
          0.0,
          0.0,
          0.0,
          0.0,
          0.0,
          0.0,
          0.0,
          0.0,
          0.0,
          0.0,
          0.0,
          0.0,
          0.0,
          0.0,
          0.0,
          0.0,
          0.0,
          0.0,
          0.0,
          0.0,
          0.0,
          0.0,
          0.0,
          0.0,
          0.0,
          0.0,
          0.0,
          0.0,
          0.0,
          0.0,
          0.0,
          0.0,
          0.0,
          0.0,
          0.0,
          0.0,
          0.0,
          0.0,
          0.0,
          0.0,
          0.0,
          0.0,
          0.0,
          0.0,
          0.0,
          0.0,
          0.0,
          0.0,
          0.0,
          0.0,
          0.0,
          0.0,
          0.0,
          0.0,
          0.0,
          0.0,
          0.0,
          0.0,
          0.0,
          0.0,
          0.0,
          0.0,
          0.0,
          0.0,
          0.0,
          0.0,
          0.0
        ]
      },
      "working_weights": {
        "v": 1,
        "dim": [
          0
        ],
        "data": []
      },
      "working_response": {
        "v": 1,
        "dim": [
          0
        ],
        "data": []
      },
      "reparam_qs": null,
      "artifacts": {},
      "beta_covariance": {
        "v": 1,
        "dim": [
          20,
          20
        ],
        "data": [
          69149875.25851256,
          0.00848526549964267,
          0.009736666315744179,
          -0.29543392310643984,
          -0.30657919262255273,
          2.81529751757033,
          5.177845641216804,
          5.12816631788526,
          2.968722693432549,
          0.18357794730175342,
          -1.970741453693599,
          -2.2659205620149736,
          -1.148724789283361,
          0.9070628138168073,
          3.7637847955664334,
          -17.478658401883045,
          32.36329981256267,
          -477.38533134024055,
          -403.68232767790596,
          -24.123821777649187,
          0.00848526549964267,
          0.13604281187025563,
          8.294428803849661e-10,
          -5.461850828132696e-11,
          2.797629205023351e-11,
          -2.1247171197301767e-9,
          -3.343712149894384e-9,
          -2.8435810369257426e-9,
          -1.6512068005372322e-9,
          -6.456469360579835e-10,
          2.9188742905881455e-10,
          9.706944054474677e-10,
          1.0938482970629449e-9,
          -6.9708161449496e-11,
          -2.2694006183965943e-9,
          -3.285558602260393e-6,
          8.006534696612031e-8,
          -1.4179155063047845e-7,
          -2.0597059479516602e-7,
          -4.4646067609588324e-8,
          0.009736666315744179,
          8.294428803849661e-10,
          0.13604281192079815,
          -9.307310824562954e-11,
          -2.5204406497423205e-11,
          -1.4780846587848274e-9,
          -2.2033111321899853e-9,
          -1.7690173042172494e-9,
          -1.0719302573944995e-9,
          -6.163961531156505e-10,
          -3.0831429786681594e-11,
          6.514899392419139e-10,
          9.336498012220633e-10,
          8.754897382154053e-11,
          -1.625549640154357e-9,
          -3.35316502868588e-6,
          5.400181709248494e-8,
          -1.9029060279468168e-7,
          -1.9590358677306409e-7,
          -6.276722188779433e-8,
          -0.29543392310643984,
          -5.461850828132696e-11,
          -9.307310824562954e-11,
          0.13604281127814336,
          1.8619622620158127e-10,
          -5.007333301174813e-9,
          -8.506617633144102e-9,
          -7.640674206267337e-9,
          -3.469550087941185e-9,
          6.630219899629622e-10,
          2.748552369330018e-9,
          2.0277969156814227e-9,
          2.4186681108051157e-10,
          -1.7791555612033463e-9,
          -4.40079383553793e-9,
          2.5696843593822985e-7,
          -6.409435678845e-7,
          2.293870809234223e-6,
          1.886686668650969e-6,
          4.509825475253968e-7,
          -0.30657919262255273,
          2.797629205023351e-11,
          -2.5204406497423205e-11,
          1.8619622620158127e-10,
          0.6959594658012259,
          0.4032785834398123,
          -0.01075455476287654,
          -0.24986027319996595,
          -0.22724204949296792,
          0.018619147496531006,
          0.2935701089809475,
          0.4435760662729574,
          0.32815779684293755,
          0.06506531728704434,
          -0.1644415094788671,
          -8.096823112984034e-8,
          -1.4404586692121482e-6,
          2.0989792554693075e-6,
          2.541145285586473e-6,
          -2.1991498115146196e-8,
          2.81529751757033,
          -2.1247171197301767e-9,
          -1.4780846587848274e-9,
          -5.007333301174813e-9,
          0.4032785834398123,
          3.2183322527836333,
          3.873635713890305,
          2.8478409063257253,
          1.31172325407909,
          0.20312902333308924,
          -0.398856856587572,
          -0.2654819307402189,
          0.016266145804763182,
          0.5910783016154701,
          1.7742388092701198,
          7.495652790322693e-6,
          -5.265622000568002e-6,
          -0.00001840297030141655,
          -0.00001986461197603788,
          5.372648898349548e-7,
          5.177845641216804,
          -3.343712149894384e-9,
          -2.2033111321899853e-9,
          -8.506617633144102e-9,
          -0.01075455476287654,
          3.873635713890305,
          6.34494009404364,
          5.145455312743401,
          2.4719047388178526,
          0.13552004239069623,
          -1.3294230855518383,
          -1.319434437618069,
          -0.5793035570682188,
          0.9129581749044566,
          3.351542724643106,
          0.000011547189830371191,
          -5.642400202288245e-6,
          -0.000033959367458583965,
          -0.00003742026889909249,
          1.4685067402626308e-7,
          5.12816631788526,
          -2.8435810369257426e-9,
          -1.7690173042172494e-9,
          -7.640674206267337e-9,
          -0.24986027319996595,
          2.8478409063257253,
          5.145455312743401,
          5.339695979676825,
          2.944521811808279,
          0.27496162855504114,
          -1.6298502396100218,
          -1.9048638708625476,
          -1.0646030347849005,
          0.7519929539480199,
          3.46946411320015,
          9.803441005760644e-6,
          -2.3347694672989306e-6,
          -0.000033808132946547575,
          -0.000037474187686428296,
          4.280050670418315e-7,
          2.968722693432549,
          -1.6512068005372322e-9,
          -1.0719302573944995e-9,
          -3.469550087941185e-9,
          -0.22724204949296792,
          1.31172325407909,
          2.4719047388178526,
          2.944521811808279,
          2.6445378816606313,
          0.8161288172262064,
          -0.9763952607200852,
          -1.6240094653980226,
          -1.14605278660905,
          0.25419299598296574,
          2.26915928632497,
          6.139701185212156e-6,
          4.685835351970514e-7,
          -0.000019585661991073378,
          -0.000021561298578458333,
          2.0125679014832055e-6,
          0.18357794730175342,
          -6.456469360579835e-10,
          -6.163961531156505e-10,
          6.630219899629622e-10,
          0.018619147496531006,
          0.20312902333308924,
          0.13552004239069623,
          0.27496162855504114,
          0.8161288172262064,
          1.2506537205737522,
          0.32768344720173953,
          -0.512239467098399,
          -0.676007876171666,
          -0.23299967804009775,
          0.46878861084364715,
          3.165005044669169e-6,
          1.0422543326304599e-6,
          -1.2486966840987012e-6,
          -8.493316673153635e-7,
          3.012532866359753e-6,
          -1.970741453693599,
          2.9188742905881455e-10,
          -3.0831429786681594e-11,
          2.748552369330018e-9,
          0.2935701089809475,
          -0.398856856587572,
          -1.3294230855518383,
          -1.6298502396100218,
          -0.9763952607200852,
          0.32768344720173953,
          1.5166640226956754,
          1.0921452456508653,
          0.32278999463688285,
          -0.4667230359876745,
          -1.3856223554524874,
          -3.848329431878899e-7,
          1.4509318925343793e-7,
          0.000012805246390755607,
          0.000014905920308909023,
          1.917720936654241e-6,
          -2.2659205620149736,
          9.706944054474677e-10,
          6.514899392419139e-10,
          2.0277969156814227e-9,
          0.4435760662729574,
          -0.2654819307402189,
          -1.319434437618069,
          -1.9048638708625476,
          -1.6240094653980226,
          -0.512239467098399,
          1.0921452456508653,
          2.2255249598876166,
          1.4480887225845638,
          -0.23854040727521342,
          -2.374263209736654,
          -3.6869939480142497e-6,
          -2.0765077035390844e-6,
          0.000014776968029170868,
          0.000016840567480019676,
          -3.5378982756326193e-7,
          -1.148724789283361,
          1.0938482970629449e-9,
          9.336498012220633e-10,
          2.4186681108051157e-10,
          0.32815779684293755,
          0.016266145804763182,
          -0.5793035570682188,
          -1.0646030347849005,
          -1.14605278660905,
          -0.676007876171666,
          0.32278999463688285,
          1.4480887225845638,
          1.9141507158981574,
          0.2907761385735216,
          -2.116179729427998,
          -4.480414465904446e-6,
          -3.0721489678794794e-6,
          7.5386014411371395e-6,
          8.440364463271746e-6,
          -1.5183861954545066e-6,
          0.9070628138168073,
          -6.9708161449496e-11,
          8.754897382154053e-11,
          -1.7791555612033463e-9,
          0.06506531728704434,
          0.5910783016154701,
          0.9129581749044566,
          0.7519929539480199,
          0.25419299598296574,
          -0.23299967804009775,
          -0.4667230359876745,
          -0.23854040727521342,
          0.2907761385735216,
          0.7604764554837875,
          0.15034641323578504,
          -5.191462646630952e-8,
          -1.797830393417506e-6,
          -5.839812524656808e-6,
          -6.719182685332767e-6,
          -9.406866814296674e-7,
          3.7637847955664334,
          -2.2694006183965943e-9,
          -1.625549640154357e-9,
          -4.40079383553793e-9,
          -0.1644415094788671,
          1.7742388092701198,
          3.351542724643106,
          3.46946411320015,
          2.26915928632497,
          0.46878861084364715,
          -1.3856223554524874,
          -2.374263209736654,
          -2.116179729427998,
          0.15034641323578504,
          4.509990146051558,
          8.195399787881841e-6,
          1.2738833157452785e-7,
          -0.000024458977933418545,
          -0.000027553227072863017,
          5.643682381200423e-8,
          -17.478658401883045,
          -3.285558602260393e-6,
          -3.35316502868588e-6,
          2.5696843593822985e-7,
          -8.096823112984034e-8,
          7.495652790322693e-6,
          0.000011547189830371191,
          9.803441005760644e-6,
          6.139701185212156e-6,
          3.165005044669169e-6,
          -3.848329431878899e-7,
          -3.6869939480142497e-6,
          -4.480414465904446e-6,
          -5.191462646630952e-8,
          8.195399787881841e-6,
          0.006730404798285942,
          -0.0006177600059458,
          0.0004628233262625092,
          0.00010658520700871892,
          0.0009710742027786404,
          32.36329981256267,
          8.006534696612031e-8,
          5.400181709248494e-8,
          -6.409435678845e-7,
          -1.4404586692121482e-6,
          -5.265622000568002e-6,
          -5.642400202288245e-6,
          -2.3347694672989306e-6,
          4.685835351970514e-7,
          1.0422543326304599e-6,
          1.4509318925343793e-7,
          -2.0765077035390844e-6,
          -3.0721489678794794e-6,
          -1.797830393417506e-6,
          1.2738833157452785e-7,
          -0.0006177600059458,
          0.009894387445278785,
          -0.0015535298692774151,
          -0.0030091438486388768,
          -0.00475298860798202,
          -477.38533134024055,
          -1.4179155063047845e-7,
          -1.9029060279468168e-7,
          2.293870809234223e-6,
          2.0989792554693075e-6,
          -0.00001840297030141655,
          -0.000033959367458583965,
          -0.000033808132946547575,
          -0.000019585661991073378,
          -1.2486966840987012e-6,
          0.000012805246390755607,
          0.000014776968029170868,
          7.5386014411371395e-6,
          -5.839812524656808e-6,
          -0.000024458977933418545,
          0.0004628233262625092,
          -0.0015535298692774151,
          0.017822110810437275,
          -0.009035358433148451,
          0.0014849943043260063,
          -403.68232767790596,
          -2.0597059479516602e-7,
          -1.9590358677306409e-7,
          1.886686668650969e-6,
          2.541145285586473e-6,
          -0.00001986461197603788,
          -0.00003742026889909249,
          -0.000037474187686428296,
          -0.000021561298578458333,
          -8.493316673153635e-7,
          0.000014905920308909023,
          0.000016840567480019676,
          8.440364463271746e-6,
          -6.719182685332767e-6,
          -0.000027553227072863017,
          0.00010658520700871892,
          -0.0030091438486388768,
          -0.009035358433148451,
          0.016646441984915446,
          0.001089179857216579,
          -24.123821777649187,
          -4.4646067609588324e-8,
          -6.276722188779433e-8,
          4.509825475253968e-7,
          -2.1991498115146196e-8,
          5.372648898349548e-7,
          1.4685067402626308e-7,
          4.280050670418315e-7,
          2.0125679014832055e-6,
          3.012532866359753e-6,
          1.917720936654241e-6,
          -3.5378982756326193e-7,
          -1.5183861954545066e-6,
          -9.406866814296674e-7,
          5.643682381200423e-8,
          0.0009710742027786404,
          -0.00475298860798202,
          0.0014849943043260063,
          0.001089179857216579,
          0.007948569920378885
        ]
      },
      "beta_standard_errors": null,
      "beta_covariance_corrected": {
        "v": 1,
        "dim": [
          20,
          20
        ],
        "data": [
          69149875.25851256,
          0.00848526549964267,
          0.009736666315744179,
          -0.29543392310643984,
          -0.30657919262255273,
          2.81529751757033,
          5.177845641216804,
          5.12816631788526,
          2.968722693432549,
          0.18357794730175342,
          -1.970741453693599,
          -2.2659205620149736,
          -1.148724789283361,
          0.9070628138168073,
          3.7637847955664334,
          -17.478658401883045,
          32.36329981256267,
          -477.38533134024055,
          -403.68232767790596,
          -24.123821777649187,
          0.00848526549964267,
          0.13604281187025563,
          8.294428803849661e-10,
          -5.461850828132696e-11,
          2.797629205023351e-11,
          -2.1247171197301767e-9,
          -3.343712149894384e-9,
          -2.8435810369257426e-9,
          -1.6512068005372322e-9,
          -6.456469360579835e-10,
          2.9188742905881455e-10,
          9.706944054474677e-10,
          1.0938482970629449e-9,
          -6.9708161449496e-11,
          -2.2694006183965943e-9,
          -3.285558602260393e-6,
          8.006534696612031e-8,
          -1.4179155063047845e-7,
          -2.0597059479516602e-7,
          -4.4646067609588324e-8,
          0.009736666315744179,
          8.294428803849661e-10,
          0.13604281192079815,
          -9.307310824562954e-11,
          -2.5204406497423205e-11,
          -1.4780846587848274e-9,
          -2.2033111321899853e-9,
          -1.7690173042172494e-9,
          -1.0719302573944995e-9,
          -6.163961531156505e-10,
          -3.0831429786681594e-11,
          6.514899392419139e-10,
          9.336498012220633e-10,
          8.754897382154053e-11,
          -1.625549640154357e-9,
          -3.35316502868588e-6,
          5.400181709248494e-8,
          -1.9029060279468168e-7,
          -1.9590358677306409e-7,
          -6.276722188779433e-8,
          -0.29543392310643984,
          -5.461850828132696e-11,
          -9.307310824562954e-11,
          0.13604281127814336,
          1.8619622620158127e-10,
          -5.007333301174813e-9,
          -8.506617633144102e-9,
          -7.640674206267337e-9,
          -3.469550087941185e-9,
          6.630219899629622e-10,
          2.748552369330018e-9,
          2.0277969156814227e-9,
          2.4186681108051157e-10,
          -1.7791555612033463e-9,
          -4.40079383553793e-9,
          2.5696843593822985e-7,
          -6.409435678845e-7,
          2.293870809234223e-6,
          1.886686668650969e-6,
          4.509825475253968e-7,
          -0.30657919262255273,
          2.797629205023351e-11,
          -2.5204406497423205e-11,
          1.8619622620158127e-10,
          0.6959594658012259,
          0.4032785834398123,
          -0.01075455476287654,
          -0.24986027319996595,
          -0.22724204949296792,
          0.018619147496531006,
          0.2935701089809475,
          0.4435760662729574,
          0.32815779684293755,
          0.06506531728704434,
          -0.1644415094788671,
          -8.096823112984034e-8,
          -1.4404586692121482e-6,
          2.0989792554693075e-6,
          2.541145285586473e-6,
          -2.1991498115146196e-8,
          2.81529751757033,
          -2.1247171197301767e-9,
          -1.4780846587848274e-9,
          -5.007333301174813e-9,
          0.4032785834398123,
          3.2183322527836333,
          3.873635713890305,
          2.8478409063257253,
          1.31172325407909,
          0.20312902333308924,
          -0.398856856587572,
          -0.2654819307402189,
          0.016266145804763182,
          0.5910783016154701,
          1.7742388092701198,
          7.495652790322693e-6,
          -5.265622000568002e-6,
          -0.00001840297030141655,
          -0.00001986461197603788,
          5.372648898349548e-7,
          5.177845641216804,
          -3.343712149894384e-9,
          -2.2033111321899853e-9,
          -8.506617633144102e-9,
          -0.01075455476287654,
          3.873635713890305,
          6.34494009404364,
          5.145455312743401,
          2.4719047388178526,
          0.13552004239069623,
          -1.3294230855518383,
          -1.319434437618069,
          -0.5793035570682188,
          0.9129581749044566,
          3.351542724643106,
          0.000011547189830371191,
          -5.642400202288245e-6,
          -0.000033959367458583965,
          -0.00003742026889909249,
          1.4685067402626308e-7,
          5.12816631788526,
          -2.8435810369257426e-9,
          -1.7690173042172494e-9,
          -7.640674206267337e-9,
          -0.24986027319996595,
          2.8478409063257253,
          5.145455312743401,
          5.339695979676825,
          2.944521811808279,
          0.27496162855504114,
          -1.6298502396100218,
          -1.9048638708625476,
          -1.0646030347849005,
          0.7519929539480199,
          3.46946411320015,
          9.803441005760644e-6,
          -2.3347694672989306e-6,
          -0.000033808132946547575,
          -0.000037474187686428296,
          4.280050670418315e-7,
          2.968722693432549,
          -1.6512068005372322e-9,
          -1.0719302573944995e-9,
          -3.469550087941185e-9,
          -0.22724204949296792,
          1.31172325407909,
          2.4719047388178526,
          2.944521811808279,
          2.6445378816606313,
          0.8161288172262064,
          -0.9763952607200852,
          -1.6240094653980226,
          -1.14605278660905,
          0.25419299598296574,
          2.26915928632497,
          6.139701185212156e-6,
          4.685835351970514e-7,
          -0.000019585661991073378,
          -0.000021561298578458333,
          2.0125679014832055e-6,
          0.18357794730175342,
          -6.456469360579835e-10,
          -6.163961531156505e-10,
          6.630219899629622e-10,
          0.018619147496531006,
          0.20312902333308924,
          0.13552004239069623,
          0.27496162855504114,
          0.8161288172262064,
          1.2506537205737522,
          0.32768344720173953,
          -0.512239467098399,
          -0.676007876171666,
          -0.23299967804009775,
          0.46878861084364715,
          3.165005044669169e-6,
          1.0422543326304599e-6,
          -1.2486966840987012e-6,
          -8.493316673153635e-7,
          3.012532866359753e-6,
          -1.970741453693599,
          2.9188742905881455e-10,
          -3.0831429786681594e-11,
          2.748552369330018e-9,
          0.2935701089809475,
          -0.398856856587572,
          -1.3294230855518383,
          -1.6298502396100218,
          -0.9763952607200852,
          0.32768344720173953,
          1.5166640226956754,
          1.0921452456508653,
          0.32278999463688285,
          -0.4667230359876745,
          -1.3856223554524874,
          -3.848329431878899e-7,
          1.4509318925343793e-7,
          0.000012805246390755607,
          0.000014905920308909023,
          1.917720936654241e-6,
          -2.2659205620149736,
          9.706944054474677e-10,
          6.514899392419139e-10,
          2.0277969156814227e-9,
          0.4435760662729574,
          -0.2654819307402189,
          -1.319434437618069,
          -1.9048638708625476,
          -1.6240094653980226,
          -0.512239467098399,
          1.0921452456508653,
          2.2255249598876166,
          1.4480887225845638,
          -0.23854040727521342,
          -2.374263209736654,
          -3.6869939480142497e-6,
          -2.0765077035390844e-6,
          0.000014776968029170868,
          0.000016840567480019676,
          -3.5378982756326193e-7,
          -1.148724789283361,
          1.0938482970629449e-9,
          9.336498012220633e-10,
          2.4186681108051157e-10,
          0.32815779684293755,
          0.016266145804763182,
          -0.5793035570682188,
          -1.0646030347849005,
          -1.14605278660905,
          -0.676007876171666,
          0.32278999463688285,
          1.4480887225845638,
          1.9141507158981574,
          0.2907761385735216,
          -2.116179729427998,
          -4.480414465904446e-6,
          -3.0721489678794794e-6,
          7.5386014411371395e-6,
          8.440364463271746e-6,
          -1.5183861954545066e-6,
          0.9070628138168073,
          -6.9708161449496e-11,
          8.754897382154053e-11,
          -1.7791555612033463e-9,
          0.06506531728704434,
          0.5910783016154701,
          0.9129581749044566,
          0.7519929539480199,
          0.25419299598296574,
          -0.23299967804009775,
          -0.4667230359876745,
          -0.23854040727521342,
          0.2907761385735216,
          0.7604764554837875,
          0.15034641323578504,
          -5.191462646630952e-8,
          -1.797830393417506e-6,
          -5.839812524656808e-6,
          -6.719182685332767e-6,
          -9.406866814296674e-7,
          3.7637847955664334,
          -2.2694006183965943e-9,
          -1.625549640154357e-9,
          -4.40079383553793e-9,
          -0.1644415094788671,
          1.7742388092701198,
          3.351542724643106,
          3.46946411320015,
          2.26915928632497,
          0.46878861084364715,
          -1.3856223554524874,
          -2.374263209736654,
          -2.116179729427998,
          0.15034641323578504,
          4.509990146051558,
          8.195399787881841e-6,
          1.2738833157452785e-7,
          -0.000024458977933418545,
          -0.000027553227072863017,
          5.643682381200423e-8,
          -17.478658401883045,
          -3.285558602260393e-6,
          -3.35316502868588e-6,
          2.5696843593822985e-7,
          -8.096823112984034e-8,
          7.495652790322693e-6,
          0.000011547189830371191,
          9.803441005760644e-6,
          6.139701185212156e-6,
          3.165005044669169e-6,
          -3.848329431878899e-7,
          -3.6869939480142497e-6,
          -4.480414465904446e-6,
          -5.191462646630952e-8,
          8.195399787881841e-6,
          0.006730404798285942,
          -0.0006177600059458,
          0.0004628233262625092,
          0.00010658520700871892,
          0.0009710742027786404,
          32.36329981256267,
          8.006534696612031e-8,
          5.400181709248494e-8,
          -6.409435678845e-7,
          -1.4404586692121482e-6,
          -5.265622000568002e-6,
          -5.642400202288245e-6,
          -2.3347694672989306e-6,
          4.685835351970514e-7,
          1.0422543326304599e-6,
          1.4509318925343793e-7,
          -2.0765077035390844e-6,
          -3.0721489678794794e-6,
          -1.797830393417506e-6,
          1.2738833157452785e-7,
          -0.0006177600059458,
          0.009894387445278785,
          -0.0015535298692774151,
          -0.0030091438486388768,
          -0.00475298860798202,
          -477.38533134024055,
          -1.4179155063047845e-7,
          -1.9029060279468168e-7,
          2.293870809234223e-6,
          2.0989792554693075e-6,
          -0.00001840297030141655,
          -0.000033959367458583965,
          -0.000033808132946547575,
          -0.000019585661991073378,
          -1.2486966840987012e-6,
          0.000012805246390755607,
          0.000014776968029170868,
          7.5386014411371395e-6,
          -5.839812524656808e-6,
          -0.000024458977933418545,
          0.0004628233262625092,
          -0.0015535298692774151,
          0.017822110810437275,
          -0.009035358433148451,
          0.0014849943043260063,
          -403.68232767790596,
          -2.0597059479516602e-7,
          -1.9590358677306409e-7,
          1.886686668650969e-6,
          2.541145285586473e-6,
          -0.00001986461197603788,
          -0.00003742026889909249,
          -0.000037474187686428296,
          -0.000021561298578458333,
          -8.493316673153635e-7,
          0.000014905920308909023,
          0.000016840567480019676,
          8.440364463271746e-6,
          -6.719182685332767e-6,
          -0.000027553227072863017,
          0.00010658520700871892,
          -0.0030091438486388768,
          -0.009035358433148451,
          0.016646441984915446,
          0.001089179857216579,
          -24.123821777649187,
          -4.4646067609588324e-8,
          -6.276722188779433e-8,
          4.509825475253968e-7,
          -2.1991498115146196e-8,
          5.372648898349548e-7,
          1.4685067402626308e-7,
          4.280050670418315e-7,
          2.0125679014832055e-6,
          3.012532866359753e-6,
          1.917720936654241e-6,
          -3.5378982756326193e-7,
          -1.5183861954545066e-6,
          -9.406866814296674e-7,
          5.643682381200423e-8,
          0.0009710742027786404,
          -0.00475298860798202,
          0.0014849943043260063,
          0.001089179857216579,
          0.007948569920378885
        ]
      },
      "beta_standard_errors_corrected": null,
      "reml_score": 905.6264104912191,
      "fitted_link_parameters": "Standard"
    },
    "data_schema": {
      "columns": [
        {
          "name": "hour",
          "kind": "continuous",
          "levels": []
        },
        {
          "name": "demand_forecast",
          "kind": "continuous",
          "levels": []
        },
        {
          "name": "net_generation",
          "kind": "continuous",
          "levels": []
        },
        {
          "name": "total_interchange",
          "kind": "continuous",
          "levels": []
        },
        {
          "name": "y",
          "kind": "continuous",
          "levels": []
        }
      ]
    },
    "link": null,
    "mixture_link_param_covariance": null,
    "sas_param_covariance": null,
    "formula_noise": "y ~ linear(hour) + linear(demand_forecast) + linear(net_generation) + linear(total_interchange)",
    "beta_noise": [
      -6.991832483839438,
      -0.00014424976858969001,
      -0.043690371929868646,
      -0.02081951339098951,
      -0.24108714722805316
    ],
    "sigma_min": 40.743888127428676,
    "sigma_max": 40743888.12742867,
    "joint_beta_link": null,
    "joint_knot_range": null,
    "joint_knot_vector": null,
    "joint_link_transform": null,
    "joint_degree": null,
    "joint_ridge_used": null,
    "probit_wiggle_knots": null,
    "probit_wiggle_degree": null,
    "beta_wiggle": null,
    "survival_entry": null,
    "survival_exit": null,
    "survival_event": null,
    "survival_spec": null,
    "survival_baseline_target": null,
    "survival_baseline_scale": null,
    "survival_baseline_shape": null,
    "survival_baseline_rate": null,
    "survival_time_basis": null,
    "survival_time_degree": null,
    "survival_time_knots": null,
    "survival_time_smooth_lambda": null,
    "survival_ridge_lambda": null,
    "survival_likelihood": null,
    "survival_sigma_min": null,
    "survival_sigma_max": null,
    "survival_beta_time": null,
    "survival_beta_threshold": null,
    "survival_beta_log_sigma": null,
    "survival_distribution": null,
    "training_headers": [
      "hour",
      "demand_forecast",
      "net_generation",
      "total_interchange",
      "y"
    ],
    "resolved_term_spec": {
      "linear_terms": [
        {
          "name": "demand_forecast",
          "feature_col": 1,
          "double_penalty": true,
          "coefficient_geometry": "Unconstrained",
          "coefficient_min": null,
          "coefficient_max": null
        },
        {
          "name": "net_generation",
          "feature_col": 2,
          "double_penalty": true,
          "coefficient_geometry": "Unconstrained",
          "coefficient_min": null,
          "coefficient_max": null
        },
        {
          "name": "total_interchange",
          "feature_col": 3,
          "double_penalty": true,
          "coefficient_geometry": "Unconstrained",
          "coefficient_min": null,
          "coefficient_max": null
        }
      ],
      "random_effect_terms": [],
      "smooth_terms": [
        {
          "name": "s(hour, type=ps, knots=8)",
          "basis": {
            "BSpline1D": {
              "feature_col": 0,
              "spec": {
                "degree": 3,
                "penalty_order": 2,
                "knot_spec": {
                  "Provided": {
                    "v": 1,
                    "dim": [
                      16
                    ],
                    "data": [
                      -1.7869400457689395,
                      -1.7869400457689395,
                      -1.7869400457689395,
                      -1.7869400457689395,
                      -1.4030202817566355,
                      -1.0191005177443313,
                      -0.6351807537320273,
                      -0.2512609897197233,
                      0.13265877429258066,
                      0.5165785383048849,
                      0.9004983023171886,
                      1.2844180663294928,
                      1.6683378303417973,
                      1.6683378303417973,
                      1.6683378303417973,
                      1.6683378303417973
                    ]
                  }
                },
                "double_penalty": true,
                "identifiability": {
                  "FrozenTransform": {
                    "transform": {
                      "v": 1,
                      "dim": [
                        12,
                        11
                      ],
                      "data": [
                        -0.11909699865495928,
                        -0.16474490213592038,
                        -0.3465667261510192,
                        -0.3883372552913178,
                        -0.3609084864478777,
                        -0.3751464092212506,
                        -0.3640909035084515,
                        -0.3794078083694415,
                        -0.2682958572607454,
                        -0.13874143382434903,
                        -0.15656726208799693,
                        0.9877360396117281,
                        -0.016964532916720485,
                        -0.03568755425754148,
                        -0.03998885589032155,
                        -0.03716439063599912,
                        -0.03863053439172717,
                        -0.0374920986152985,
                        -0.03906935007089839,
                        -0.027627646397000473,
                        -0.014286837349809426,
                        -0.01612244407527256,
                        -0.01696453291672049,
                        0.976533243098395,
                        -0.04936600166274803,
                        -0.05531592084251168,
                        -0.05140888492082785,
                        -0.05343697725130197,
                        -0.0518621979311351,
                        -0.05404398369929996,
                        -0.038216864852371565,
                        -0.01976274505325796,
                        -0.022301909379494056,
                        -0.03568755425754148,
                        -0.04936600166274803,
                        0.8961508771584984,
                        -0.11636571051286144,
                        -0.1081466480060577,
                        -0.11241305813585044,
                        -0.10910026298210247,
                        -0.11368999135021882,
                        -0.08039516588328192,
                        -0.041574032119149285,
                        -0.046915562304872906,
                        -0.039988855890321556,
                        -0.05531592084251169,
                        -0.11636571051286146,
                        0.8696091193391222,
                        -0.12118120202147747,
                        -0.1259618283041888,
                        -0.12224975302322758,
                        -0.1273926660108706,
                        -0.09008492651484189,
                        -0.046584811253658334,
                        -0.05257013821916666,
                        -0.03716439063599912,
                        -0.05140888492082785,
                        -0.10814664800605771,
                        -0.12118120202147747,
                        0.8873779849561507,
                        -0.11706497943229556,
                        -0.11361509288914819,
                        -0.1183947551981661,
                        -0.08372211019478451,
                        -0.04329446503505166,
                        -0.04885704051959228,
                        -0.03863053439172717,
                        -0.05343697725130196,
                        -0.11241305813585044,
                        -0.1259618283041888,
                        -0.11706497943229556,
                        0.8783167802125715,
                        -0.11809723442692802,
                        -0.12306545551301537,
                        -0.08702496669203484,
                        -0.04500244163529872,
                        -0.05078446200169691,
                        -0.03749209861529851,
                        -0.0518621979311351,
                        -0.10910026298210249,
                        -0.12224975302322758,
                        -0.11361509288914819,
                        -0.11809723442692802,
                        0.8853830725086573,
                        -0.11943873588294703,
                        -0.08446035460253856,
