0.5 0 0.0456 0.0402 1.0
0.5 1 0.0658 0.0664 0.92
0.5 2 0.0548 0.0554 0.97
0.5 3 0.0566 0.0384 0.9
0.5 4 0.0566 0.0502 0.98
0.5 5 0.0414 0.0459 1.0
0.5 6 0.0424 0.0375 1.0
0.5 7 0.0334 0.0302 1.0
tau=0.5: gamfit RMSE 0.0496  pyGAM-gs 0.0455  gamfit wins 3/8  gamfit cover95 0.971
0.95 0 0.0882 0.0495 0.93
0.95 1 0.0738 0.0694 0.88
0.95 2 0.0609 0.0609 0.96
0.95 3 0.0949 0.1378 0.8
0.95 4 0.0579 0.0448 0.97
0.95 5 0.0902 0.0918 0.83
0.95 6 0.0793 0.0642 0.95
0.95 7 0.0722 0.0982 0.91
tau=0.95: gamfit RMSE 0.0772  pyGAM-gs 0.0771  gamfit wins 4/8  gamfit cover95 0.904
