{
  "model_type": "standard",
  "payload": {
    "version": 2,
    "formula": "y ~ linear(demand_forecast) + linear(net_generation) + linear(total_interchange) + s(hour, type=ps, knots=8)",
    "model_kind": "standard",
    "family_state": {
      "family_kind": "standard",
      "likelihood": "GaussianIdentity",
      "link": "Identity",
      "mixture_state": null,
      "sas_state": null
    },
    "family": "gaussian",
    "fit_result": {
      "beta": {
        "v": 1,
        "dim": [
          15
        ],
        "data": [
          495624.40967162827,
          12022.052153745142,
          28812.12044449651,
          443.092360350327,
          -353.8135941982967,
          -1423.254601713013,
          -3220.144586165585,
          -3726.480322441817,
          -1526.609022845521,
          4454.435440437686,
          4938.80245392861,
          928.5993618347696,
          -642.2217219458281,
          -486.52315601385624,
          -961.1705434876613
        ]
      },
      "lambdas": {
        "v": 1,
        "dim": [
          3
        ],
        "data": [
          0.021332949636650472,
          9.67635454741168,
          2.339959912194238
        ]
      },
      "standard_deviation": 2651.305326554424,
      "edf_by_block": [
        2.9585132624303614,
        5.470674425852962,
        1.420203020085062
      ],
      "edf_total": 9.849390708368386,
      "iterations": 5,
      "final_grad_norm": 1.2146450116502944e-7,
      "pirls_status": "Converged",
      "deviance": 465000411.6415788,
      "stable_penalty_term": 62208864.316227905,
      "max_abs_eta": 575199.4856585292,
      "constraint_kkt": null,
      "smoothing_correction": {
        "v": 1,
        "dim": [
          15,
          15
        ],
        "data": [
          1.6350226324634976e-31,
          1.7299076761336854e-16,
          -1.9143168838567808e-16,
          -3.91820431557498e-17,
          -1.2680266611720572e-16,
          -7.442348865793864e-17,
          -2.5412918409500104e-17,
          -3.888818125566895e-17,
          -7.835147472846087e-17,
          1.4555072682204895e-16,
          1.3699205145119612e-16,
          3.830273289921129e-17,
          1.1450558190457577e-16,
          1.9757504966822993e-16,
          1.4648597931870903e-16,
          1.7299076761336857e-16,
          0.18706782937680744,
          -0.21112207555552057,
          -0.044206626401519074,
          -0.1592366469411972,
          -0.10016894881168047,
          -0.030258417166140507,
          -0.037699264564653154,
          -0.06553675880059807,
          0.15002608383532842,
          0.1466590991312197,
          0.06240594128229117,
          0.13844533646198495,
          0.22213846517125949,
          0.1752008622123565,
          -1.9143168838567813e-16,
          -0.2111220755555206,
          0.24239822090606553,
          0.051845350455071014,
          0.202196113479848,
          0.13286343220814212,
          0.03685872999460049,
          0.03820009480965731,
          0.05510758403475652,
          -0.16250900033698829,
          -0.16455965946263937,
          -0.0914714111393831,
          -0.17112965277239942,
          -0.25973461841685286,
          -0.21486917421935153,
          -3.918204315574979e-17,
          -0.044206626401519095,
          0.05184535045507104,
          0.011773981856954364,
          0.04929259953560082,
          0.03322245152223429,
          0.008146966125607207,
          0.0069375057051035876,
          0.008046321142886613,
          -0.03436650177461638,
          -0.03612022091226694,
          -0.024606038945989166,
          -0.0404960054718712,
          -0.058629233124499136,
          -0.05052769397897606,
          -1.2680266611720574e-16,
          -0.15923664694119724,
          0.20219611347984803,
          0.04929259953560083,
          0.26057035864801303,
          0.19360194153223748,
          0.039786037427462846,
          0.00863866773753865,
          -0.04313087484265234,
          -0.09604809480527136,
          -0.12448378926242978,
          -0.16744473156496306,
          -0.20075397853571003,
          -0.24299141336706215,
          -0.24503880515408907,
          -7.442348865793864e-17,
          -0.10016894881168047,
          0.13286343220814215,
          0.033222451522234284,
          0.19360194153223745,
          0.14879817992730177,
          0.029082768134701693,
          -0.0006361531622763885,
          -0.054761615886957694,
          -0.04857613182347742,
          -0.07475567803093716,
          -0.13434750688655897,
          -0.14586675457063863,
          -0.16308986026656414,
          -0.17650170418865085,
          -2.5412918409500095e-17,
          -0.030258417166140517,
          0.03685872999460049,
          0.008146966125607205,
          0.03978603742746286,
          0.0290827681347017,
          0.006875808143713648,
          0.003184110303109179,
          -0.0028292291785705624,
          -0.018280161212004008,
          -0.02173133565046907,
          -0.023973875528555986,
          -0.03163724507388984,
          -0.04053620682560903,
          -0.038867030763820164,
          -3.8888181255668967e-17,
          -0.037699264564653154,
          0.03820009480965731,
          0.006937505705103586,
          0.00863866773753865,
          -0.0006361531622763954,
          0.0031841103031091814,
          0.012192037608013831,
          0.033376883230541506,
          -0.03785957304270932,
          -0.030974566582945097,
          0.009596469579629598,
          -0.012390409357651564,
          -0.0356563873978188,
          -0.017480125436943026,
          -7.835147472846089e-17,
          -0.06553675880059805,
          0.0551075840347565,
          0.008046321142886614,
          -0.04313087484265236,
          -0.0547616158869577,
          -0.0028292291785705797,
          0.03337688323054152,
          0.11455472783159598,
          -0.09153615752100365,
          -0.06282545814009335,
          0.07460225821536065,
          0.016750671095445525,
          -0.043436297833351435,
          0.013161960995320972,
          1.4555072682204895e-16,
          0.15002608383532842,
          -0.16250900033698823,
          -0.03436650177461636,
          -0.09604809480527134,
          -0.04857613182347741,
          -0.01828016121200401,
          -0.037859573042709316,
          -0.09153615752100364,
          0.14288776250438112,
          0.12937210829101065,
          0.014817124068562063,
          0.090394641680035,
          0.1731325001445482,
          0.11762091800819212,
          1.3699205145119612e-16,
          0.14665909913121966,
          -0.16455965946263937,
          -0.03612022091226694,
          -0.12448378926242978,
          -0.07475567803093718,
          -0.021731335650469058,
          -0.030974566582945104,
          -0.06282545814009334,
          0.1293721082910106,
          0.1243276092948164,
          0.04356407736757458,
          0.1085888960438815,
          0.18091620223056049,
          0.13820129515519916,
          3.8302732899211266e-17,
          0.06240594128229117,
          -0.09147141113938312,
          -0.024606038945989155,
          -0.16744473156496315,
          -0.13434750688655897,
          -0.023973875528555996,
          0.0095964695796296,
          0.07460225821536065,
          0.014817124068562088,
          0.04356407736757463,
          0.1280700138232717,
          0.12184165624900802,
          0.11966800815675936,
          0.14553943297624353,
          1.1450558190457577e-16,
          0.1384453364619849,
          -0.1711296527723994,
          -0.04049600547187122,
          -0.20075397853571006,
          -0.14586675457063866,
          -0.031637245073889854,
          -0.012390409357651552,
          0.016750671095445525,
          0.09039464168003503,
          0.10858889604388153,
          0.121841656249008,
          0.15744598410943944,
          0.2003548528386406,
          0.19329247045641829,
          1.9757504966822995e-16,
          0.22213846517125954,
          -0.25973461841685286,
          -0.05862923312449913,
          -0.24299141336706218,
          -0.1630898602665642,
          -0.04053620682560905,
          -0.035656387397818796,
          -0.04343629783335142,
          0.17313250014454826,
          0.18091620223056054,
          0.11966800815675938,
          0.2003548528386407,
          0.29213907910976494,
          0.2502214564756151,
          1.46485979318709e-16,
          0.17520086221235656,
          -0.21486917421935153,
          -0.050527693978976065,
          -0.24503880515408907,
          -0.1765017041886509,
          -0.03886703076382017,
          -0.017480125436943023,
          0.01316196099532099,
          0.11762091800819216,
          0.13820129515519922,
          0.1455394329762436,
          0.19329247045641826,
          0.25022145647561517,
          0.2377863333535107
        ]
      },
      "penalized_hessian": {
        "v": 1,
        "dim": [
          15,
          15
        ],
        "data": [
          76.0,
          -1.325344702363479e-13,
          -5.5900310699301257e-14,
          2.0086380342813515e-15,
          -3.171769773316198e-16,
          -5.697158714101503e-16,
          -4.192726603545149e-15,
          -2.979300049511354e-15,
          1.377372939101219e-15,
          -1.3301436011846033e-15,
          -4.134092521769143e-16,
          1.5140983238758245e-15,
          -2.1140099803595177e-15,
          2.871308969807311e-16,
          4.037901585463965e-16,
          -1.325344702363479e-13,
          75.02133294963653,
          74.10119552101457,
          -2.592783051916973,
          -1.4734542086229732,
          -3.393370999828079,
          -4.55989110301153,
          0.9920945711345318,
          3.1072464654274263,
          -0.019261864309132615,
          -1.5665527522533067,
          1.6435558984515144,
          3.684229430823911,
          2.1340954268966033,
          0.9113648593368692,
          -5.5900310699301257e-14,
          74.10119552101457,
          75.02133294963659,
          -0.7706145876054474,
          -1.29883517164439,
          -3.389685841327082,
          -5.624347560344259,
          -0.38150645854170745,
          2.6970465780324595,
          0.14349450294741076,
          -1.4661510919299627,
          1.660324160013057,
          4.241307363958619,
          2.688031633583639,
          1.5347238600474231,
          2.0086380342813515e-15,
          -2.5927830519169657,
          -0.7706145876054468,
          75.02133294963654,
          -0.8039188706514996,
          -1.471191708226186,
          -3.4208547171687855,
          -8.21285643528108,
          -5.729103419944334,
          2.0356169116954073,
          6.950972043312966,
          8.820093989120748,
          3.67291960225139,
          0.6050124586106123,
          0.3211688241964214,
          -3.171769773316198e-16,
          -1.4734542086229734,
          -1.29883517164439,
          -0.8039188706514993,
          3.7533568509410187,
          -0.411108141441136,
          0.6376833833784271,
          0.01113214970979321,
          -0.0362070101324348,
          -0.11893449289600182,
          -0.16396455125092238,
          -0.230611191690722,
          -0.19993235999915532,
          -0.18460055505666828,
          -0.2515541535685282,
          -5.697158714101503e-16,
          -3.393370999828079,
          -3.3896858413270814,
          -1.4711917082261852,
          -0.4111081414411363,
          3.7313598802579766,
          -0.4207657591487901,
          0.24772826047922072,
          -0.3445091722136002,
          -0.42475683163810796,
          -0.43672312969398774,
          -0.4932319313369675,
          -0.3449250403114392,
          -0.20760909786093382,
          -0.2659353383892043,
          -4.192726603545149e-15,
          -4.5598911030115294,
          -5.624347560344261,
          -3.420854717168786,
          0.6376833833784269,
          -0.4207657591487906,
          5.874636449581165,
          0.19791934674538636,
          -0.020715933402248785,
          -0.6925993133395831,
          -0.6510100662303632,
          -0.6757707505156303,
          -0.39561381672557533,
          -0.1569498547585276,
          -0.18303449907672284,
          -2.979300049511354e-15,
          0.9920945711345323,
          -0.3815064585417072,
          -8.212856435281081,
          0.011132149709793196,
          0.24772826047922,
          0.1979193467453867,
          5.90633804380681,
          -0.31754051111663617,
          -0.2208304819723978,
          -0.7271663113014669,
          -0.7359865949428716,
          -0.39854987350035476,
          -0.10720695869443221,
          -0.11571984845141804,
          1.377372939101219e-15,
          3.107246465427426,
          2.697046578032459,
          -5.729103419944334,
          -0.03620701013243487,
          -0.3445091722136005,
          -0.02071593340224917,
          -0.3175405111166355,
          5.6468942857335716,
          -0.10276187664264716,
          -0.033849524085370016,
          -0.6121005185731194,
          -0.29178059720238975,
          -0.01338715865816544,
          -0.005855380068183583,
          -1.3301436011846033e-15,
          -0.01926186430913233,
          0.14349450294741087,
          2.035616911695407,
          -0.11893449289600162,
          -0.42475683163810735,
          -0.6925993133395829,
          -0.22083048197239774,
          -0.10276187664264726,
          5.808823881439723,
          -0.05400379151142519,
          -0.030571743051482705,
          -0.24948438745107349,
          0.053731966932651115,
          0.07820724855507673,
          -4.134092521769143e-16,
          -1.5665527522533071,
          -1.4661510919299627,
          6.950972043312967,
          -0.163964551250922,
          -0.43672312969398736,
          -0.6510100662303634,
          -0.7271663113014675,
          -0.0338495240853701,
          -0.05400379151142497,
          5.775269914076117,
          0.07337287341657198,
          0.4521894963411433,
          0.15795563610643426,
          0.19815440482352947,
          1.5140983238758245e-15,
          1.6435558984515126,
          1.6603241600130565,
          8.820093989120748,
          -0.2306111916907212,
          -0.49323193133696747,
          -0.6757707505156305,
          -0.7359865949428713,
          -0.6121005185731194,
          -0.030571743051482927,
          0.07337287341657124,
          6.175836315557396,
          0.5285929504163416,
          0.8962014472832552,
          0.3123383898400787,
          -2.1140099803595177e-15,
          3.6842294308239127,
          4.241307363958619,
          3.67291960225139,
          -0.19993235999915554,
          -0.3449250403114387,
          -0.39561381672557594,
          -0.3985498735003548,
          -0.29178059720238936,
          -0.24948438745107432,
          0.4521894963411439,
          0.528592950416342,
          5.253447169895331,
          -0.020182627936794328,
          0.9732185551422722,
          2.871308969807311e-16,
          2.134095426896604,
          2.688031633583639,
          0.6050124586106124,
          -0.18460055505666775,
          -0.2076090978609336,
          -0.1569498547585273,
          -0.10720695869443245,
          -0.013387158658165272,
          0.05373196693265062,
          0.15795563610643382,
          0.8962014472832547,
          -0.02018262793679368,
          3.891874255502788,
          0.26080496824930505,
          4.037901585463965e-16,
          0.911364859336869,
          1.5347238600474236,
          0.32116882419642057,
          -0.25155415356852767,
          -0.2659353383892041,
          -0.18303449907672345,
          -0.11571984845141794,
          -0.005855380068183542,
          0.07820724855507659,
          0.19815440482352956,
          0.3123383898400786,
          0.973218555142272,
          0.2608049682493051,
          4.239912779072522
        ]
      },
      "working_weights": {
        "v": 1,
        "dim": [
          76
        ],
        "data": [
          1.0,
          1.0,
          1.0,
          1.0,
          1.0,
          1.0,
          1.0,
          1.0,
          1.0,
          1.0,
          1.0,
          1.0,
          1.0,
          1.0,
          1.0,
          1.0,
          1.0,
          1.0,
          1.0,
          1.0,
          1.0,
          1.0,
          1.0,
          1.0,
          1.0,
          1.0,
          1.0,
          1.0,
          1.0,
          1.0,
          1.0,
          1.0,
          1.0,
          1.0,
          1.0,
          1.0,
          1.0,
          1.0,
          1.0,
          1.0,
          1.0,
          1.0,
          1.0,
          1.0,
          1.0,
          1.0,
          1.0,
          1.0,
          1.0,
          1.0,
          1.0,
          1.0,
          1.0,
          1.0,
          1.0,
          1.0,
          1.0,
          1.0,
          1.0,
          1.0,
          1.0,
          1.0,
          1.0,
          1.0,
          1.0,
          1.0,
          1.0,
          1.0,
          1.0,
          1.0,
          1.0,
          1.0,
          1.0,
          1.0,
          1.0,
          1.0
        ]
      },
      "working_response": {
        "v": 1,
        "dim": [
          76
        ],
        "data": [
          461815.0,
          446634.31,
          425329.72,
          419277.83,
          422146.82,
          430104.48,
          442934.2,
          456337.08,
          468113.21,
          472069.21,
          474393.28,
          471197.49,
          467015.4,
          462544.25,
          458968.85,
          460563.09,
          474711.47,
          480264.44,
          478020.85,
          468592.16,
          434620.89,
          423490.75,
          422874.85,
          426232.84,
          435742.82,
          449651.71,
          476242.7,
          479235.69,
          479477.9,
          479401.4,
          478253.48,
          480872.95,
          493362.95,
          508962.34,
          522662.57,
          528968.72,
          524966.69,
          512383.26,
          497732.75,
          485832.75,
          476311.85,
          482062.85,
          497397.77,
          525853.72,
          553266.61,
          562264.69,
          542568.45,
          532930.64,
          524415.69,
          515574.46,
          509769.95,
          511905.99,
          525957.79,
          544781.57,
          558829.46,
          562176.65,
          555656.44,
          540742.54,
          524189.52,
          510803.06,
          503104.77,
          504511.75,
          520579.54,
          549422.74,
          573627.71,
          572916.74,
          560425.71,
          546014.62,
          531216.22,
          504459.6,
          495994.54,
          493000.05,
          499641.8,
          510340.38,
          527253.76,
          535482.36
        ]
      },
      "reparam_qs": {
        "v": 1,
        "dim": [
          15,
          15
        ],
        "data": [
          0.0,
          0.0,
          0.0,
          0.0,
          0.0,
          0.0,
          0.0,
          0.0,
          0.0,
          0.0,
          0.0,
          0.0,
          0.0,
          0.0,
          1.0,
          -1.0842021724855044e-19,
          -1.1102230246251565e-16,
          1.6653345369377348e-16,
          2.0122792321330962e-16,
          0.0,
          -2.0816681711721685e-16,
          1.1102230246251565e-16,
          -2.220446049250313e-16,
          -5.551115123125783e-16,
          -5.551115123125783e-17,
          3.8510861166685117e-16,
          -0.5610748199762499,
          -0.7769588520540981,
          0.2855345663897747,
          0.0,
          0.0,
          -5.551115123125783e-17,
          0.0,
          -2.220446049250313e-16,
          0.0,
          9.71445146547012e-17,
          1.1102230246251565e-16,
          -8.326672684688674e-17,
          4.440892098500626e-16,
          4.163336342344337e-16,
          7.875644580934704e-16,
          0.8133069263304086,
          -0.5816285069638656,
          0.015495917848513258,
          0.0,
          0.0,
          4.163336342344337e-17,
          2.7755575615628914e-17,
          8.326672684688674e-17,
          0.0,
          9.71445146547012e-17,
          -1.1102230246251565e-16,
          8.326672684688674e-17,
          -2.220446049250313e-16,
          2.7755575615628914e-16,
          -9.298117831235686e-16,
          -0.15403535299275395,
          -0.24092160986877534,
          -0.9582431256871268,
          0.0,
          -0.1332800932278455,
          -0.24754336463085347,
          0.33938595150034473,
          0.40730204420828897,
          0.3403372448248483,
          0.41160422869628216,
          0.42757265840269004,
          -0.3193528830911833,
          0.2632047172291131,
          0.00265619000317844,
          0.023345623134831763,
          -1.84911480277103e-16,
          3.87239633466605e-17,
          -8.160946031632927e-17,
          0.0,
          0.23180397805133612,
          0.3856575637456807,
          -0.40515821657603585,
          -0.2609654615924513,
          0.23814863781593032,
          -0.04188854036116383,
          0.2517280347452565,
          -0.40604388307011186,
          0.2863074916152577,
          0.32013623331842034,
          -0.306776395899727,
          -6.702571125680152e-17,
          -7.622732389409202e-17,
          3.9916601137176415e-16,
          0.0,
          -0.33457453830192446,
          -0.42777082528425986,
          0.22874616061758674,
          -0.10053249056528538,
          0.08032392200310823,
          -0.34480965976123695,
          -0.2616989750490904,
          -0.0371321306481708,
          0.14782906039281174,
          0.37560669956353027,
          -0.5333814819307697,
          1.5910472133072068e-16,
          -1.3874970126209619e-16,
          6.099054650362719e-16,
          0.0,
          0.3721326427900087,
          0.29453933448677844,
          0.15744145271758614,
          0.47316405909126685,
          -0.020280519551487762,
          0.26457579869917347,
          -0.16532116349881568,
          0.3185914921567727,
          -0.1585400028807135,
          0.1937192968254323,
          -0.5139907212964462,
          2.4179453418691653e-16,
          -1.2074799976140062e-16,
          6.38138276041372e-16,
          0.0,
          -0.4284668203479025,
          -0.13176205434876884,
          -0.3609499109807738,
          -0.16901754890808637,
          -0.09261244272168576,
          0.3776830493656569,
          0.3826855244068268,
          0.17955170395830836,
          -0.46145784033632864,
          0.035124329694761224,
          -0.31002829316785235,
          3.602771844624495e-16,
          -7.525283029702578e-18,
          3.717095641081718e-16,
          0.0,
          0.4043222507290873,
          -0.1312524134351704,
          0.40901755746135343,
          -0.16829185004644465,
          -0.1819679823024226,
          -0.26436102549440876,
          0.390298004623074,
          -0.2929566592749029,
          -0.5222655990987701,
          0.08105624636667529,
          -0.056498728676984064,
          2.5076228530338727e-16,
          2.3178775221623207e-16,
          6.209028839788177e-17,
          0.0,
          -0.3964170873726242,
          0.29554873180089397,
          -0.10905814110213996,
          0.4705479283112666,
          -0.26098947308908327,
          -0.14801952689405015,
          -0.16192873165662752,
          -0.48119689661761395,
          -0.27880388413308793,
          0.2682736799745969,
          0.15715082869905003,
          1.9697304391445319e-16,
          2.0540708661872557e-16,
          -3.844490908014977e-17,
          0.0,
          0.3103994353473653,
          -0.4303725780242728,
          -0.1811952700739768,
          -0.09534374557347103,
          -0.3507858486580087,
          0.45679760005804987,
          -0.2546421347377769,
          -0.15678707196306266,
          0.07253889539525646,
          0.45099206965061567,
          0.21613463145602638,
          -1.4389845832136618e-16,
          9.307792444423796e-17,
          -1.0597661271058318e-16,
          0.0,
          -0.24599321116769612,
          0.38269250638373087,
          0.4259894135039751,
          -0.2481223210333081,
          -0.3889276228238754,
          0.1050036708649141,
          0.2626149891890675,
          0.27155111604568616,
          0.2949983656443617,
          0.370074333290584,
          0.145003321508311,
          -5.707579276884607e-16,
          1.0881836430901187e-16,
          -1.1595682595267765e-16,
          0.0,
          0.12420455298231987,
          -0.24983382538542429,
          -0.3275886452511958,
          0.41120743888895633,
          -0.41953441971206507,
          -0.37756777522755103,
          0.4259908975067184,
          0.20782516744641663,
          0.3130030169502712,
          -0.019007273788245328,
          -0.06474678481325483,
          -3.18434925484862e-17,
          -6.80777408863737e-17,
          -1.0158436088895312e-17,
          0.0,
          -0.039830401431121355,
          0.06496683074134713,
          0.11164440394632864,
          -0.1181522699023504,
          -0.5103558574578251,
          0.20795430569975154,
          -0.1331090772225219,
          -0.37300991994146415,
          0.21924830112851898,
          -0.5462723144806653,
          -0.400902279588807,
          1.6537012265678957e-16,
          -3.0404735265601634e-16,
          3.021036941078893e-16,
          0.0
        ]
      },
      "artifacts": {},
      "beta_covariance": {
        "v": 1,
        "dim": [
          15,
          15
        ],
        "data": [
          0.013157894735526319,
          9.26027864965437e-16,
          -9.22518532758676e-16,
          -1.148957659325698e-17,
          8.33614663871772e-17,
          8.780649620740735e-18,
          -1.6109803942322632e-16,
          -2.2691047447474533e-16,
          -9.940213114325793e-17,
          5.2736350757305545e-18,
          -2.4186190816536876e-17,
          -6.583591106587533e-17,
          6.679799205904765e-17,
          1.3062415252278404e-16,
          1.092202213896736e-16,
          9.26027864965437e-16,
          0.9411889019640746,
          -0.951344904707047,
          -0.012779456604017603,
          0.08131670058585169,
          -0.008575863571654435,
          -0.18866092942555845,
          -0.23845943702342579,
          -0.09368327673627302,
          -0.0015301715492679444,
          -0.03350702019415097,
          -0.06431026913295697,
          0.07067796242406242,
          0.14078135474970194,
          0.11397268484722108,
          -9.22518532758676e-16,
          -0.951344904707047,
          0.9785858161160925,
          0.013749958159855975,
          -0.07816975377948174,
          0.025502135555626512,
          0.20811553389877338,
          0.24159681296096863,
          0.08795447175113977,
          0.003775813753800678,
          0.041876384648513246,
          0.06458269403517328,
          -0.08387504375296062,
          -0.1526235186265748,
          -0.11625264945647348,
          -1.148957659325698e-17,
          -0.012779456604017603,
          0.013749958159855975,
          0.024951148422323988,
          0.0008098690891188154,
          0.004191257045237311,
          0.009835836224985132,
          0.03127605351988967,
          0.024009492886455843,
          -0.00691383175129686,
          -0.02350977051100442,
          -0.027708592435439897,
          -0.010917169816554165,
          0.002398757834001943,
          0.0031279457303676223,
          8.33614663871772e-17,
          0.08131670058585169,
          -0.07816975377948174,
          0.0008098690891188154,
          0.28513577216219227,
          0.03638543356235026,
          -0.03594700856655428,
          -0.016325069928579964,
          -0.0028177397490781815,
          0.005416594453573811,
          0.003812328680373178,
          0.00047159213022940794,
          0.010167019987257109,
          0.020936128839291523,
          0.02401852715310339,
          8.780649620740735e-18,
          -0.008575863571654435,
          0.025502135555626512,
          0.004191257045237311,
          0.03638543356235026,
          0.3064323867038851,
          0.04764768144159677,
          0.0031364575365367764,
          0.019290907530598658,
          0.027542030753651206,
          0.028522687149224023,
          0.02179587316568815,
          0.003393184912959842,
          -0.0007371157438663557,
          0.011662609943400806,
          -1.6109803942322632e-16,
          -0.18866092942555845,
          0.20811553389877338,
          0.009835836224985132,
          -0.03594700856655428,
          0.04764768144159677,
          0.24068061554334985,
          0.055601987394125515,
          0.02345954445453767,
          0.025021927750603152,
          0.029626124089796493,
          0.0254489254539187,
          -0.017494770806534585,
          -0.03580631099447579,
          -0.0202311381252189,
          -2.2691047447474533e-16,
          -0.23845943702342579,
          0.24159681296096863,
          0.03127605351988967,
          -0.016325069928579964,
          0.0031364575365367764,
          0.055601987394125515,
          0.2684800840567905,
          0.06245225337541964,
          -0.00001738066836584742,
          0.0022813931086873704,
          0.005081267556641915,
          -0.018493932388549864,
          -0.03148559652829706,
          -0.023819968024297537,
          -9.940213114325793e-17,
          -0.09368327673627302,
          0.08795447175113977,
          0.024009492886455843,
          -0.0028177397490781815,
          0.019290907530598658,
          0.02345954445453767,
          0.06245225337541964,
          0.2157928497462009,
          -0.0005131971322948586,
          -0.01838959212765854,
          0.0015656821087565366,
          0.0004681649635292846,
          -0.007851996328178547,
          -0.008331359047579702,
          5.2736350757305545e-18,
          -0.0015301715492679444,
          0.003775813753800678,
          -0.00691383175129686,
          0.005416594453573811,
          0.027542030753651206,
          0.025021927750603152,
          -0.00001738066836584742,
          -0.0005131971322948586,
          0.18047894508989273,
          0.014650972719169948,
          0.014768419952537176,
          0.013526090920886755,
          -0.004019850950739987,
          -0.005345407208652479,
          -2.4186190816536876e-17,
          -0.03350702019415097,
          0.041876384648513246,
          -0.02350977051100442,
          0.003812328680373178,
          0.028522687149224023,
          0.029626124089796493,
          0.0022813931086873704,
          -0.01838959212765854,
          0.014650972719169948,
          0.21015803094657473,
          0.037331523234777786,
          -0.009430854356343991,
          -0.020554033779848636,
          -0.0122569924255203,
          -6.583591106587533e-17,
          -0.06431026913295697,
          0.06458269403517328,
          -0.027708592435439897,
          0.00047159213022940794,
          0.02179587316568815,
          0.0254489254539187,
          0.005081267556641915,
          0.0015656821087565366,
          0.014768419952537176,
          0.037331523234777786,
          0.21517076246880237,
          -0.004795786695958534,
          -0.05274051545680784,
          -0.018343154514488074,
          6.679799205904765e-17,
          0.07067796242406242,
          -0.08387504375296062,
          -0.010917169816554165,
          0.010167019987257109,
          0.003393184912959842,
          -0.017494770806534585,
          -0.018493932388549864,
          0.0004681649635292846,
          0.013526090920886755,
          -0.009430854356343991,
          -0.004795786695958534,
          0.22286430882939065,
          0.025231194444784028,
          -0.03661136356108919,
          1.3062415252278404e-16,
          0.14078135474970194,
          -0.1526235186265748,
          0.002398757834001943,
          0.020936128839291523,
          -0.0007371157438663557,
          -0.03580631099447579,
          -0.03148559652829706,
          -0.007851996328178547,
          -0.004019850950739987,
          -0.020554033779848636,
          -0.05274051545680784,
          0.025231194444784028,
          0.2962695549103501,
          0.004487059944046733,
          1.092202213896736e-16,
          0.11397268484722108,
          -0.11625264945647348,
          0.0031279457303676223,
          0.02401852715310339,
          0.011662609943400806,
          -0.0202311381252189,
          -0.023819968024297537,
          -0.008331359047579702,
          -0.005345407208652479,
          -0.0122569924255203,
          -0.018343154514488074,
          -0.03661136356108919,
          0.004487059944046733,
          0.2639706096019743
        ]
      },
      "beta_standard_errors": {
        "v": 1,
        "dim": [
          15
        ],
        "data": [
          0.1147078669295455,
          0.9701489071086328,
          0.989234965069519,
          0.1579593252148286,
          0.5339810597410664,
          0.5535633538303318,
          0.49059210709442713,
          0.5181506383830773,
          0.4645350898976318,
          0.42482813594428126,
          0.45842996296770866,
          0.4638650261323895,
          0.4720850652471339,
          0.5443064898660956,
          0.5137807018582679
        ]
      },
      "beta_covariance_corrected": {
        "v": 1,
        "dim": [
          15,
          15
        ],
        "data": [
          0.013157894735526319,
          1.0990186325788055e-15,
          -1.1139502211443542e-15,
          -5.0671619749006773e-17,
          -4.344119973002853e-17,
          -6.56428390371979e-17,
          -1.8651095783272642e-16,
          -2.657986557304143e-16,
          -1.7775360587171883e-16,
          1.508243618977795e-16,
          1.1280586063465924e-16,
          -2.7533178166664048e-17,
          1.8130357396362341e-16,
          3.2819920219101397e-16,
          2.5570620070838266e-16,
          1.0990186325788055e-15,
          1.128256731340882,
          -1.1624669802625676,
          -0.05698608300553669,
          -0.07791994635534553,
          -0.1087448123833349,
          -0.21891934659169898,
          -0.2761587015880789,
          -0.15922003553687109,
          0.1484959122860605,
          0.1131520789370687,
          -0.001904327850665799,
          0.20912329888604733,
          0.36291981992096145,
          0.28917354705957765,
          -1.1139502211443542e-15,
          -1.1624669802625676,
          1.220984037022158,
          0.065595308614927,
          0.12402635970036628,
          0.15836556776376864,
          0.24497426389337387,
          0.27979690777062594,
          0.14306205578589626,
          -0.15873318658318758,
          -0.12268327481412612,
          -0.026888717104209835,
          -0.25500469652536006,
          -0.41235813704342766,
          -0.331121823675825,
          -5.0671619749006773e-17,
          -0.05698608300553669,
          0.065595308614927,
          0.03672513027927835,
          0.050102468624719634,
          0.0374137085674716,
          0.01798280235059234,
          0.038213559224993254,
          0.03205581402934246,
          -0.04128033352591323,
          -0.059629991423271356,
          -0.052314631381429055,
          -0.05141317528842538,
          -0.056230475290497184,
          -0.047399748248608445,
          -4.344119973002853e-17,
          -0.07791994635534553,
          0.12402635970036628,
          0.050102468624719634,
          0.5457061308102054,
          0.22998737509458772,
          0.003839028860908575,
          -0.007686402191041313,
          -0.04594861459173053,
          -0.09063150035169754,
          -0.1206714605820566,
          -0.1669731394347337,
          -0.19058695854845292,
          -0.22205528452777062,
          -0.22102027800098567,
          -6.56428390371979e-17,
          -0.1087448123833349,
          0.15836556776376864,
          0.0374137085674716,
          0.22998737509458772,
          0.4552305666311869,
          0.07673044957629846,
          0.0025003043742603845,
          -0.03547070835635904,
          -0.02103410106982621,
          -0.04623299088171314,
          -0.11255163372087082,
          -0.14247356965767882,
          -0.16382697601043053,
          -0.1648390942452501,
          -1.8651095783272642e-16,
          -0.21891934659169898,
          0.24497426389337387,
          0.01798280235059234,
          0.003839028860908575,
          0.07673044957629846,
          0.2475564236870635,
          0.058786097697234696,
          0.0206303152759671,
          0.0067417665385991424,
          0.00789478843932743,
          0.0014750499253627074,
          -0.049132015880424436,
          -0.07634251782008483,
          -0.05909816888903907,
          -2.657986557304143e-16,
          -0.2761587015880789,
          0.27979690777062594,
          0.038213559224993254,
          -0.007686402191041313,
          0.0025003043742603845,
          0.058786097697234696,
          0.2806721216648044,
          0.09582913660596115,
          -0.03787695371107516,
          -0.02869317347425773,
          0.014677737136271515,
          -0.030884341746201423,
          -0.06714198392611587,
          -0.041300093461240556,
          -1.7775360587171883e-16,
          -0.15922003553687109,
          0.14306205578589626,
          0.03205581402934246,
          -0.04594861459173053,
          -0.03547070835635904,
          0.0206303152759671,
          0.09582913660596115,
          0.33034757757779687,
          -0.0920493546532985,
          -0.08121505026775189,
          0.07616794032411718,
          0.01721883605897481,
          -0.051288294161529975,
          0.004830601947741278,
          1.508243618977795e-16,
          0.1484959122860605,
          -0.15873318658318758,
          -0.04128033352591323,
          -0.09063150035169754,
          -0.02103410106982621,
          0.0067417665385991424,
          -0.03787695371107516,
          -0.0920493546532985,
          0.3233667075942739,
          0.14402308101018058,
          0.029585544021099253,
          0.10392073260092177,
          0.16911264919380825,
          0.11227551079953965,
          1.1280586063465924e-16,
          0.1131520789370687,
          -0.12268327481412612,
          -0.059629991423271356,
          -0.1206714605820566,
          -0.04623299088171314,
          0.00789478843932743,
          -0.02869317347425773,
          -0.08121505026775189,
          0.14402308101018058,
          0.33448564024139116,
          0.0808956006023524,
          0.09915804168753752,
          0.16036216845071188,
          0.12594430272967888,
          -2.7533178166664048e-17,
          -0.001904327850665799,
          -0.026888717104209835,
          -0.052314631381429055,
          -0.1669731394347337,
          -0.11255163372087082,
          0.0014750499253627074,
          0.014677737136271515,
          0.07616794032411718,
          0.029585544021099253,
          0.0808956006023524,
          0.34324077629207406,
          0.11704586955304946,
          0.06692749269995152,
          0.12719627846175552,
          1.8130357396362341e-16,
          0.20912329888604733,
          -0.25500469652536006,
          -0.05141317528842538,
          -0.19058695854845292,
          -0.14247356965767882,
          -0.049132015880424436,
          -0.030884341746201423,
          0.01721883605897481,
          0.10392073260092177,
