{
  "model_type": "location-scale",
  "payload": {
    "version": 2,
    "formula": "y ~ linear(demand_forecast) + linear(net_generation) + linear(total_interchange) + s(hour, type=ps, knots=8)",
    "model_kind": "location-scale",
    "family_state": {
      "family_kind": "location-scale",
      "likelihood": "GaussianIdentity",
      "base_link": null
    },
    "family": "gaussian-location-scale",
    "fit_result": {
      "beta": {
        "v": 1,
        "dim": [
          15
        ],
        "data": [
          489187.7290909088,
          3.0367911548886614e-6,
          3.0621633005083887e-6,
          8.123833554474214e-8,
          -2.311638829166282e-7,
          -9.498554317557278e-6,
          -0.000014660786482739718,
          -0.000011797118180535693,
          -5.546893170303713e-6,
          -8.253556106480042e-7,
          2.3724540138478356e-6,
          3.4905393419826236e-6,
          2.761370593504231e-6,
          -1.4801976764081126e-6,
          -9.130276182628405e-6
        ]
      },
      "lambdas": {
        "v": 1,
        "dim": [
          4
        ],
        "data": [
          1.0,
          1.0,
          1.0,
          1.0
        ]
      },
      "standard_deviation": 1.0,
      "edf_by_block": [],
      "edf_total": 0.0,
      "iterations": 0,
      "final_grad_norm": 2.2086420576921672e-10,
      "pirls_status": "StalledAtValidMinimum",
      "deviance": 2803.1465196209824,
      "stable_penalty_term": -27.34759710063554,
      "max_abs_eta": 489187.72910786775,
      "constraint_kkt": null,
      "smoothing_correction": null,
      "penalized_hessian": {
        "v": 1,
        "dim": [
          15,
          15
        ],
        "data": [
          0.0,
          0.0,
          0.0,
          0.0,
          0.0,
          0.0,
          0.0,
          0.0,
          0.0,
          0.0,
          0.0,
          0.0,
          0.0,
          0.0,
          0.0,
          0.0,
          0.0,
          0.0,
          0.0,
          0.0,
          0.0,
          0.0,
          0.0,
          0.0,
          0.0,
          0.0,
          0.0,
          0.0,
          0.0,
          0.0,
          0.0,
          0.0,
          0.0,
          0.0,
          0.0,
          0.0,
          0.0,
          0.0,
          0.0,
          0.0,
          0.0,
          0.0,
          0.0,
          0.0,
          0.0,
          0.0,
          0.0,
          0.0,
          0.0,
          0.0,
          0.0,
          0.0,
          0.0,
          0.0,
          0.0,
          0.0,
          0.0,
          0.0,
          0.0,
          0.0,
          0.0,
          0.0,
          0.0,
          0.0,
          0.0,
          0.0,
          0.0,
          0.0,
          0.0,
          0.0,
          0.0,
          0.0,
          0.0,
          0.0,
          0.0,
          0.0,
          0.0,
          0.0,
          0.0,
          0.0,
          0.0,
          0.0,
          0.0,
          0.0,
          0.0,
          0.0,
          0.0,
          0.0,
          0.0,
          0.0,
          0.0,
          0.0,
          0.0,
          0.0,
          0.0,
          0.0,
          0.0,
          0.0,
          0.0,
          0.0,
          0.0,
          0.0,
          0.0,
          0.0,
          0.0,
          0.0,
          0.0,
          0.0,
          0.0,
          0.0,
          0.0,
          0.0,
          0.0,
          0.0,
          0.0,
          0.0,
          0.0,
          0.0,
          0.0,
          0.0,
          0.0,
          0.0,
          0.0,
          0.0,
          0.0,
          0.0,
          0.0,
          0.0,
          0.0,
          0.0,
          0.0,
          0.0,
          0.0,
          0.0,
          0.0,
          0.0,
          0.0,
          0.0,
          0.0,
          0.0,
          0.0,
          0.0,
          0.0,
          0.0,
          0.0,
          0.0,
          0.0,
          0.0,
          0.0,
          0.0,
          0.0,
          0.0,
          0.0,
          0.0,
          0.0,
          0.0,
          0.0,
          0.0,
          0.0,
          0.0,
          0.0,
          0.0,
          0.0,
          0.0,
          0.0,
          0.0,
          0.0,
          0.0,
          0.0,
          0.0,
          0.0,
          0.0,
          0.0,
          0.0,
          0.0,
          0.0,
          0.0,
          0.0,
          0.0,
          0.0,
          0.0,
          0.0,
          0.0,
          0.0,
          0.0,
          0.0,
          0.0,
          0.0,
          0.0,
          0.0,
          0.0,
          0.0,
          0.0,
          0.0,
          0.0,
          0.0,
          0.0,
          0.0,
          0.0,
          0.0,
          0.0,
          0.0,
          0.0,
          0.0,
          0.0,
          0.0,
          0.0,
          0.0,
          0.0,
          0.0,
          0.0,
          0.0,
          0.0,
          0.0,
          0.0,
          0.0,
          0.0,
          0.0,
          0.0,
          0.0,
          0.0,
          0.0,
          0.0,
          0.0,
          0.0
        ]
      },
      "working_weights": {
        "v": 1,
        "dim": [
          0
        ],
        "data": []
      },
      "working_response": {
        "v": 1,
        "dim": [
          0
        ],
        "data": []
      },
      "reparam_qs": null,
      "artifacts": {},
      "beta_covariance": {
        "v": 1,
        "dim": [
          20,
          20
        ],
        "data": [
          956222652781.5751,
          -5.4957608144549485e-14,
          -5.545919000384105e-14,
          -1.5348497781043086e-15,
          4.13743782630423e-15,
          1.7291410135613132e-13,
          2.6705328711562404e-13,
          2.150824349957471e-13,
          1.0121544870808032e-13,
          1.4964671272187404e-14,
          -4.3458630562465694e-14,
          -6.372983908900884e-14,
          -5.0241097052432726e-14,
          2.7067345559477282e-14,
          1.6633082792964682e-13,
          7.415294127230639,
          -0.002577123235914906,
          -0.007100447011904017,
          -0.007159770994975936,
          -0.00019003849798213124,
          -5.4957608144549485e-14,
          0.9999999999989548,
          -4.46377232910602e-14,
          1.5618632278453687e-15,
          8.317174374541614e-15,
          8.854051195498306e-14,
          1.2259426254229165e-13,
          8.355475255300996e-14,
          3.252508322782796e-14,
          1.1504585836234561e-14,
          -2.998231626940338e-15,
          -1.810063824211409e-14,
          -2.3504420552276907e-14,
          7.37892102140774e-15,
          7.276815751018501e-14,
          4.8140292593064345e-11,
          1.7947262071733214e-15,
          -1.4790851140802158e-15,
          -1.4275603379627697e-15,
          4.51436122368658e-15,
          -5.545919000384105e-14,
          -4.46377232910602e-14,
          0.9999999999989548,
          4.642095243249102e-16,
          5.196916438316322e-15,
          1.2125834639382538e-13,
          1.8110704406042122e-13,
          1.3976862720434496e-13,
          6.394634659760537e-14,
          1.5004094128298798e-14,
          -1.8972275075011188e-14,
          -3.6894535171846253e-14,
          -3.4852064583230236e-14,
          1.4658791206857767e-14,
          1.087914697638219e-13,
          4.85425008623258e-11,
          1.5857430898661664e-15,
          -1.4275851586532571e-15,
          -1.3950525339462964e-15,
          4.2545030355651465e-15,
          -1.5348497781043086e-15,
          1.5618632278453687e-15,
          4.642095243249102e-16,
          0.9999999999989548,
          -4.365821136740446e-14,
          2.448367725104428e-13,
          4.854048534762777e-13,
          5.192048069069389e-13,
          3.3449497943160293e-13,
          4.5591944529693726e-14,
          -2.0912772646157083e-13,
          -2.7798567597331374e-13,
          -1.717556508814995e-13,
          7.415942413533782e-14,
          4.2316071768311356e-13,
          1.287818968779186e-12,
          -7.226849899876091e-18,
          4.514873136534257e-15,
          4.255063347237007e-15,
          -1.3298307325706827e-15,
          4.13743782630423e-15,
          8.317174374541614e-15,
          5.196916438316322e-15,
          -4.365821136740446e-14,
          5.229703043065902,
          3.0635874198049824,
          -0.01736561110520607,
          -1.7962827036210784,
          -1.5987728215393817,
          0.29762889932567876,
          2.3884724655327663,
          3.502319564642737,
          2.535942221572526,
          0.4213820974906396,
          -1.4108662160084275,
          -3.664492016644963e-12,
          -3.3307456806130143e-15,
          4.218880077685095e-15,
          4.300591607019343e-15,
          -5.0824954139485195e-15,
          1.7291410135613132e-13,
          8.854051195498306e-14,
          1.2125834639382538e-13,
          2.448367725104428e-13,
          3.0635874198049824,
          24.713070050554876,
          29.774250404780187,
          21.908505775392804,
          10.113457796536462,
          1.5998905410512463,
          -3.0281202941109857,
          -2.0098154143354323,
          0.13798353769012173,
          4.534193931001209,
          13.6113684060872,
          -1.5057445864665109e-10,
          -1.5360781098107294e-14,
          -4.310267306681489e-14,
          -4.4775435777782055e-14,
          2.4036498805425733e-15,
          2.6705328711562404e-13,
          1.2259426254229165e-13,
          1.8110704406042122e-13,
          4.854048534762777e-13,
          -0.01736561110520607,
          29.774250404780187,
          48.699452784131,
          39.44800751820127,
          18.89377885274917,
          0.9422576784640689,
          -10.294096396094835,
          -10.185954704715854,
          -4.442002738710871,
          7.089774056586966,
          25.87828122706766,
          -2.324079975010031e-10,
          -1.8741404053851877e-14,
          -7.810819578228016e-14,
          -8.113067074353606e-14,
          1.2959185536494864e-14,
          2.150824349957471e-13,
          8.355475255300996e-14,
          1.3976862720434496e-13,
          5.192048069069389e-13,
          -1.7962827036210784,
          21.908505775392804,
          39.44800751820127,
          40.875079542728265,
          22.44794194576042,
          1.9337579702005532,
          -12.669690506285246,
          -14.729607463247358,
          -8.17359249329425,
          5.899957799917388,
          26.868914135322612,
          -1.8701210989531936e-10,
          -9.398127526034037e-15,
          -7.68025074181334e-14,
          -7.946052997059558e-14,
          2.3051013071255913e-14,
          1.0121544870808032e-13,
          3.252508322782796e-14,
          6.394634659760537e-14,
          3.3449497943160293e-13,
          -1.5987728215393817,
          10.113457796536462,
          18.89377885274917,
          22.44794194576042,
          20.11360892051648,
          6.060548197709771,
          -7.675898895290066,
          -12.590868803730359,
          -8.802569065367802,
          2.090747882661619,
          17.676012004097746,
          -8.793132182053612e-11,
          2.096765347803699e-15,
          -4.349174326609328e-14,
          -4.451700943208642e-14,
          2.3083012447189692e-14,
          1.4964671272187404e-14,
          1.1504585836234561e-14,
          1.5004094128298798e-14,
          4.5591944529693726e-14,
          0.29762889932567876,
          1.5998905410512463,
          0.9422576784640689,
          1.9337579702005532,
          6.060548197709771,
          9.392577767561903,
          2.3366338285072143,
          -4.0559195792235965,
          -5.196365788325967,
          -1.6554511892761203,
          3.8412684783352145,
          -1.3083830460773893e-11,
          6.420407224057588e-15,
          -1.608484595294283e-15,
          -1.0077529790876363e-15,
          9.770574745319653e-15,
          -4.3458630562465694e-14,
          -2.998231626940338e-15,
          -1.8972275075011188e-14,
          -2.0912772646157083e-13,
          2.3884724655327663,
          -3.0281202941109857,
          -10.294096396094835,
          -12.669690506285246,
          -7.675898895290066,
          2.3366338285072143,
          11.499419613492622,
          8.28613024301799,
          2.471277028816909,
          -3.4823538318876333,
          -10.457776562489867,
          3.760898416785679e-11,
          3.0476974721898292e-15,
          2.8583541993623223e-14,
          2.998275972544458e-14,
          -8.326742823219152e-15,
          -6.372983908900884e-14,
          -1.810063824211409e-14,
          -3.6894535171846253e-14,
          -2.7798567597331374e-13,
          3.502319564642737,
          -2.0098154143354323,
          -10.185954704715854,
          -14.729607463247358,
          -12.590868803730359,
          -4.0559195792235965,
          8.28613024301799,
          17.022210529965985,
          11.109172979194994,
          -1.7788508607639457,
          -18.13665475466479,
          5.5333270141182565e-11,
          -5.46406626455292e-15,
          3.0806980476169845e-14,
          3.1683036328207706e-14,
          -1.9013911592383203e-14,
          -5.0241097052432726e-14,
          -2.3504420552276907e-14,
          -3.4852064583230236e-14,
          -1.717556508814995e-13,
          2.535942221572526,
          0.13798353769012173,
          -4.442002738710871,
          -8.17359249329425,
          -8.802569065367802,
          -5.196365788325967,
          2.471277028816909,
          11.109172979194994,
          14.682956886475882,
          2.203031486186088,
          -16.299636973545564,
          4.377422799848859e-11,
          -9.455548642145406e-15,
          1.4735495987852737e-14,
          1.4624662834454533e-14,
          -1.57211633728795e-14,
          2.7067345559477282e-14,
          7.37892102140774e-15,
          1.4658791206857767e-14,
          7.415942413533782e-14,
          0.4213820974906396,
          4.534193931001209,
          7.089774056586966,
          5.899957799917388,
          2.090747882661619,
          -1.6554511892761203,
          -3.4823538318876333,
          -1.7788508607639457,
          2.203031486186088,
          5.714039773698517,
          0.9459994246730644,
          -2.3464619603799305e-11,
          -6.026997708335825e-15,
          -1.3553544930251718e-14,
          -1.4449180075294035e-14,
          -2.0098075370663422e-16,
          1.6633082792964682e-13,
          7.276815751018501e-14,
          1.087914697638219e-13,
          4.2316071768311356e-13,
          -1.4108662160084275,
          13.6113684060872,
          25.87828122706766,
          26.868914135322612,
          17.676012004097746,
          3.8412684783352145,
          -10.457776562489867,
          -18.13665475466479,
          -16.299636973545564,
          0.9459994246730644,
          34.30551205529023,
          -1.4473638279245932e-10,
          -8.120161928641327e-16,
          -5.3200793618193246e-14,
          -5.4923997011794285e-14,
          2.0670809797969748e-14,
          7.415294127230639,
          4.8140292593064345e-11,
          4.85425008623258e-11,
          1.287818968779186e-12,
          -3.664492016644963e-12,
          -1.5057445864665109e-10,
          -2.324079975010031e-10,
          -1.8701210989531936e-10,
          -8.793132182053612e-11,
          -1.3083830460773893e-11,
          3.760898416785679e-11,
          5.5333270141182565e-11,
          4.377422799848859e-11,
          -2.3464619603799305e-11,
          -1.4473638279245932e-10,
          -6485.163109488154,
          -1.5989827606884037e-7,
          3.0480782993333173e-7,
          2.9822161130884415e-7,
          -5.630205348767177e-7,
          -0.002577123235914906,
          1.7947262071733214e-15,
          1.5857430898661664e-15,
          -7.226849899876091e-18,
          -3.3307456806130143e-15,
          -1.5360781098107294e-14,
          -1.8741404053851877e-14,
          -9.398127526034037e-15,
          2.096765347803699e-15,
          6.420407224057588e-15,
          3.0476974721898292e-15,
          -5.46406626455292e-15,
          -9.455548642145406e-15,
          -6.026997708335825e-15,
          -8.120161928641327e-16,
          -1.5989827606884037e-7,
          1.0001522014186228,
          0.00004400189859139012,
          0.000051173680134060866,
          0.00006706078217315808,
          -0.007100447011904017,
          -1.4790851140802158e-15,
          -1.4275851586532571e-15,
          4.514873136534257e-15,
          4.218880077685095e-15,
          -4.310267306681489e-14,
          -7.810819578228016e-14,
          -7.68025074181334e-14,
          -4.349174326609328e-14,
          -1.608484595294283e-15,
          2.8583541993623223e-14,
          3.0806980476169845e-14,
          1.4735495987852737e-14,
          -1.3553544930251718e-14,
          -5.3200793618193246e-14,
          3.0480782993333173e-7,
          0.00004400189859139012,
          1.0001522167687125,
          0.00015039345271329008,
          -5.2594028742988875e-6,
          -0.007159770994975936,
          -1.4275603379627697e-15,
          -1.3950525339462964e-15,
          4.255063347237007e-15,
          4.300591607019343e-15,
          -4.4775435777782055e-14,
          -8.113067074353606e-14,
          -7.946052997059558e-14,
          -4.451700943208642e-14,
          -1.0077529790876363e-15,
          2.998275972544458e-14,
          3.1683036328207706e-14,
          1.4624662834454533e-14,
          -1.4449180075294035e-14,
          -5.4923997011794285e-14,
          2.9822161130884415e-7,
          0.000051173680134060866,
          0.00015039345271329008,
          1.0001522174163846,
          -1.5613161251349767e-6,
          -0.00019003849798213124,
          4.51436122368658e-15,
          4.2545030355651465e-15,
          -1.3298307325706827e-15,
          -5.0824954139485195e-15,
          2.4036498805425733e-15,
          1.2959185536494864e-14,
          2.3051013071255913e-14,
          2.3083012447189692e-14,
          9.770574745319653e-15,
          -8.326742823219152e-15,
          -1.9013911592383203e-14,
          -1.57211633728795e-14,
          -2.0098075370663422e-16,
          2.0670809797969748e-14,
          -5.630205348767177e-7,
          0.00006706078217315808,
          -5.2594028742988875e-6,
          -1.5613161251349767e-6,
          1.0001521968394267
        ]
      },
      "beta_standard_errors": null,
      "beta_covariance_corrected": {
        "v": 1,
        "dim": [
          20,
          20
        ],
        "data": [
          956222652781.5751,
          -5.4957608144549485e-14,
          -5.545919000384105e-14,
          -1.5348497781043086e-15,
          4.13743782630423e-15,
          1.7291410135613132e-13,
          2.6705328711562404e-13,
          2.150824349957471e-13,
          1.0121544870808032e-13,
          1.4964671272187404e-14,
          -4.3458630562465694e-14,
          -6.372983908900884e-14,
          -5.0241097052432726e-14,
          2.7067345559477282e-14,
          1.6633082792964682e-13,
          7.415294127230639,
          -0.002577123235914906,
          -0.007100447011904017,
          -0.007159770994975936,
          -0.00019003849798213124,
          -5.4957608144549485e-14,
          0.9999999999989548,
          -4.46377232910602e-14,
          1.5618632278453687e-15,
          8.317174374541614e-15,
          8.854051195498306e-14,
          1.2259426254229165e-13,
          8.355475255300996e-14,
          3.252508322782796e-14,
          1.1504585836234561e-14,
          -2.998231626940338e-15,
          -1.810063824211409e-14,
          -2.3504420552276907e-14,
          7.37892102140774e-15,
          7.276815751018501e-14,
          4.8140292593064345e-11,
          1.7947262071733214e-15,
          -1.4790851140802158e-15,
          -1.4275603379627697e-15,
          4.51436122368658e-15,
          -5.545919000384105e-14,
          -4.46377232910602e-14,
          0.9999999999989548,
          4.642095243249102e-16,
          5.196916438316322e-15,
          1.2125834639382538e-13,
          1.8110704406042122e-13,
          1.3976862720434496e-13,
          6.394634659760537e-14,
          1.5004094128298798e-14,
          -1.8972275075011188e-14,
          -3.6894535171846253e-14,
          -3.4852064583230236e-14,
          1.4658791206857767e-14,
          1.087914697638219e-13,
          4.85425008623258e-11,
          1.5857430898661664e-15,
          -1.4275851586532571e-15,
          -1.3950525339462964e-15,
          4.2545030355651465e-15,
          -1.5348497781043086e-15,
          1.5618632278453687e-15,
          4.642095243249102e-16,
          0.9999999999989548,
          -4.365821136740446e-14,
          2.448367725104428e-13,
          4.854048534762777e-13,
          5.192048069069389e-13,
          3.3449497943160293e-13,
          4.5591944529693726e-14,
          -2.0912772646157083e-13,
          -2.7798567597331374e-13,
          -1.717556508814995e-13,
          7.415942413533782e-14,
          4.2316071768311356e-13,
          1.287818968779186e-12,
          -7.226849899876091e-18,
          4.514873136534257e-15,
          4.255063347237007e-15,
          -1.3298307325706827e-15,
          4.13743782630423e-15,
          8.317174374541614e-15,
          5.196916438316322e-15,
          -4.365821136740446e-14,
          5.229703043065902,
          3.0635874198049824,
          -0.01736561110520607,
          -1.7962827036210784,
          -1.5987728215393817,
          0.29762889932567876,
          2.3884724655327663,
          3.502319564642737,
          2.535942221572526,
          0.4213820974906396,
          -1.4108662160084275,
          -3.664492016644963e-12,
          -3.3307456806130143e-15,
          4.218880077685095e-15,
          4.300591607019343e-15,
          -5.0824954139485195e-15,
          1.7291410135613132e-13,
          8.854051195498306e-14,
          1.2125834639382538e-13,
          2.448367725104428e-13,
          3.0635874198049824,
          24.713070050554876,
          29.774250404780187,
          21.908505775392804,
          10.113457796536462,
          1.5998905410512463,
          -3.0281202941109857,
          -2.0098154143354323,
          0.13798353769012173,
          4.534193931001209,
          13.6113684060872,
          -1.5057445864665109e-10,
          -1.5360781098107294e-14,
          -4.310267306681489e-14,
          -4.4775435777782055e-14,
          2.4036498805425733e-15,
          2.6705328711562404e-13,
          1.2259426254229165e-13,
          1.8110704406042122e-13,
          4.854048534762777e-13,
          -0.01736561110520607,
          29.774250404780187,
          48.699452784131,
          39.44800751820127,
          18.89377885274917,
          0.9422576784640689,
          -10.294096396094835,
          -10.185954704715854,
          -4.442002738710871,
          7.089774056586966,
          25.87828122706766,
          -2.324079975010031e-10,
          -1.8741404053851877e-14,
          -7.810819578228016e-14,
          -8.113067074353606e-14,
          1.2959185536494864e-14,
          2.150824349957471e-13,
          8.355475255300996e-14,
          1.3976862720434496e-13,
          5.192048069069389e-13,
          -1.7962827036210784,
          21.908505775392804,
          39.44800751820127,
          40.875079542728265,
          22.44794194576042,
          1.9337579702005532,
          -12.669690506285246,
          -14.729607463247358,
          -8.17359249329425,
          5.899957799917388,
          26.868914135322612,
          -1.8701210989531936e-10,
          -9.398127526034037e-15,
          -7.68025074181334e-14,
          -7.946052997059558e-14,
          2.3051013071255913e-14,
          1.0121544870808032e-13,
          3.252508322782796e-14,
          6.394634659760537e-14,
          3.3449497943160293e-13,
          -1.5987728215393817,
          10.113457796536462,
          18.89377885274917,
          22.44794194576042,
          20.11360892051648,
          6.060548197709771,
          -7.675898895290066,
          -12.590868803730359,
          -8.802569065367802,
          2.090747882661619,
          17.676012004097746,
          -8.793132182053612e-11,
          2.096765347803699e-15,
          -4.349174326609328e-14,
          -4.451700943208642e-14,
          2.3083012447189692e-14,
          1.4964671272187404e-14,
          1.1504585836234561e-14,
          1.5004094128298798e-14,
          4.5591944529693726e-14,
          0.29762889932567876,
          1.5998905410512463,
          0.9422576784640689,
          1.9337579702005532,
          6.060548197709771,
          9.392577767561903,
          2.3366338285072143,
          -4.0559195792235965,
          -5.196365788325967,
          -1.6554511892761203,
          3.8412684783352145,
          -1.3083830460773893e-11,
          6.420407224057588e-15,
          -1.608484595294283e-15,
          -1.0077529790876363e-15,
          9.770574745319653e-15,
          -4.3458630562465694e-14,
          -2.998231626940338e-15,
          -1.8972275075011188e-14,
          -2.0912772646157083e-13,
          2.3884724655327663,
          -3.0281202941109857,
          -10.294096396094835,
          -12.669690506285246,
          -7.675898895290066,
          2.3366338285072143,
          11.499419613492622,
          8.28613024301799,
          2.471277028816909,
          -3.4823538318876333,
          -10.457776562489867,
          3.760898416785679e-11,
          3.0476974721898292e-15,
          2.8583541993623223e-14,
          2.998275972544458e-14,
          -8.326742823219152e-15,
          -6.372983908900884e-14,
          -1.810063824211409e-14,
          -3.6894535171846253e-14,
          -2.7798567597331374e-13,
          3.502319564642737,
          -2.0098154143354323,
          -10.185954704715854,
          -14.729607463247358,
          -12.590868803730359,
          -4.0559195792235965,
          8.28613024301799,
          17.022210529965985,
          11.109172979194994,
          -1.7788508607639457,
          -18.13665475466479,
          5.5333270141182565e-11,
          -5.46406626455292e-15,
          3.0806980476169845e-14,
          3.1683036328207706e-14,
          -1.9013911592383203e-14,
          -5.0241097052432726e-14,
          -2.3504420552276907e-14,
          -3.4852064583230236e-14,
          -1.717556508814995e-13,
          2.535942221572526,
          0.13798353769012173,
          -4.442002738710871,
          -8.17359249329425,
          -8.802569065367802,
          -5.196365788325967,
          2.471277028816909,
          11.109172979194994,
          14.682956886475882,
          2.203031486186088,
          -16.299636973545564,
          4.377422799848859e-11,
          -9.455548642145406e-15,
          1.4735495987852737e-14,
          1.4624662834454533e-14,
          -1.57211633728795e-14,
          2.7067345559477282e-14,
          7.37892102140774e-15,
          1.4658791206857767e-14,
          7.415942413533782e-14,
          0.4213820974906396,
          4.534193931001209,
          7.089774056586966,
          5.899957799917388,
          2.090747882661619,
          -1.6554511892761203,
          -3.4823538318876333,
          -1.7788508607639457,
          2.203031486186088,
          5.714039773698517,
          0.9459994246730644,
          -2.3464619603799305e-11,
          -6.026997708335825e-15,
          -1.3553544930251718e-14,
          -1.4449180075294035e-14,
          -2.0098075370663422e-16,
          1.6633082792964682e-13,
          7.276815751018501e-14,
          1.087914697638219e-13,
          4.2316071768311356e-13,
          -1.4108662160084275,
          13.6113684060872,
          25.87828122706766,
          26.868914135322612,
          17.676012004097746,
          3.8412684783352145,
          -10.457776562489867,
          -18.13665475466479,
          -16.299636973545564,
          0.9459994246730644,
          34.30551205529023,
          -1.4473638279245932e-10,
          -8.120161928641327e-16,
          -5.3200793618193246e-14,
          -5.4923997011794285e-14,
          2.0670809797969748e-14,
          7.415294127230639,
          4.8140292593064345e-11,
          4.85425008623258e-11,
          1.287818968779186e-12,
          -3.664492016644963e-12,
          -1.5057445864665109e-10,
          -2.324079975010031e-10,
          -1.8701210989531936e-10,
          -8.793132182053612e-11,
          -1.3083830460773893e-11,
          3.760898416785679e-11,
          5.5333270141182565e-11,
          4.377422799848859e-11,
          -2.3464619603799305e-11,
          -1.4473638279245932e-10,
          -6485.163109488154,
          -1.5989827606884037e-7,
          3.0480782993333173e-7,
          2.9822161130884415e-7,
          -5.630205348767177e-7,
          -0.002577123235914906,
          1.7947262071733214e-15,
          1.5857430898661664e-15,
          -7.226849899876091e-18,
          -3.3307456806130143e-15,
          -1.5360781098107294e-14,
          -1.8741404053851877e-14,
          -9.398127526034037e-15,
          2.096765347803699e-15,
          6.420407224057588e-15,
          3.0476974721898292e-15,
          -5.46406626455292e-15,
          -9.455548642145406e-15,
          -6.026997708335825e-15,
          -8.120161928641327e-16,
          -1.5989827606884037e-7,
          1.0001522014186228,
          0.00004400189859139012,
          0.000051173680134060866,
          0.00006706078217315808,
          -0.007100447011904017,
          -1.4790851140802158e-15,
          -1.4275851586532571e-15,
          4.514873136534257e-15,
          4.218880077685095e-15,
          -4.310267306681489e-14,
          -7.810819578228016e-14,
          -7.68025074181334e-14,
          -4.349174326609328e-14,
          -1.608484595294283e-15,
          2.8583541993623223e-14,
          3.0806980476169845e-14,
          1.4735495987852737e-14,
          -1.3553544930251718e-14,
          -5.3200793618193246e-14,
          3.0480782993333173e-7,
          0.00004400189859139012,
          1.0001522167687125,
          0.00015039345271329008,
          -5.2594028742988875e-6,
          -0.007159770994975936,
          -1.4275603379627697e-15,
          -1.3950525339462964e-15,
          4.255063347237007e-15,
          4.300591607019343e-15,
          -4.4775435777782055e-14,
          -8.113067074353606e-14,
          -7.946052997059558e-14,
          -4.451700943208642e-14,
          -1.0077529790876363e-15,
          2.998275972544458e-14,
          3.1683036328207706e-14,
          1.4624662834454533e-14,
          -1.4449180075294035e-14,
          -5.4923997011794285e-14,
          2.9822161130884415e-7,
          0.000051173680134060866,
          0.00015039345271329008,
          1.0001522174163846,
          -1.5613161251349767e-6,
          -0.00019003849798213124,
          4.51436122368658e-15,
          4.2545030355651465e-15,
          -1.3298307325706827e-15,
          -5.0824954139485195e-15,
          2.4036498805425733e-15,
          1.2959185536494864e-14,
          2.3051013071255913e-14,
          2.3083012447189692e-14,
          9.770574745319653e-15,
          -8.326742823219152e-15,
          -1.9013911592383203e-14,
          -1.57211633728795e-14,
          -2.0098075370663422e-16,
          2.0670809797969748e-14,
          -5.630205348767177e-7,
          0.00006706078217315808,
          -5.2594028742988875e-6,
          -1.5613161251349767e-6,
          1.0001521968394267
        ]
      },
      "beta_standard_errors_corrected": null,
      "reml_score": 1387.8994612601734,
      "fitted_link_parameters": "Standard"
    },
    "data_schema": {
      "columns": [
        {
          "name": "hour",
          "kind": "continuous",
          "levels": []
        },
        {
          "name": "demand_forecast",
          "kind": "continuous",
          "levels": []
        },
        {
          "name": "net_generation",
          "kind": "continuous",
          "levels": []
        },
        {
          "name": "total_interchange",
          "kind": "continuous",
          "levels": []
        },
        {
          "name": "y",
          "kind": "continuous",
          "levels": []
        }
      ]
    },
    "link": null,
    "mixture_link_param_covariance": null,
    "sas_param_covariance": null,
    "formula_noise": "y ~ linear(hour) + linear(demand_forecast) + linear(net_generation) + linear(total_interchange)",
    "beta_noise": [
      15.733795884367177,
      -1.439028987907242e-16,
      2.742954438678421e-16,
      2.683697537707452e-16,
      -5.067162844832796e-16
    ],
    "sigma_min": 40.743888127428676,
    "sigma_max": 40743888.12742867,
    "joint_beta_link": null,
    "joint_knot_range": null,
    "joint_knot_vector": null,
    "joint_link_transform": null,
    "joint_degree": null,
    "joint_ridge_used": null,
    "probit_wiggle_knots": null,
    "probit_wiggle_degree": null,
    "beta_wiggle": null,
    "survival_entry": null,
    "survival_exit": null,
    "survival_event": null,
    "survival_spec": null,
    "survival_baseline_target": null,
    "survival_baseline_scale": null,
    "survival_baseline_shape": null,
    "survival_baseline_rate": null,
    "survival_time_basis": null,
    "survival_time_degree": null,
    "survival_time_knots": null,
    "survival_time_smooth_lambda": null,
    "survival_ridge_lambda": null,
    "survival_likelihood": null,
    "survival_sigma_min": null,
    "survival_sigma_max": null,
    "survival_beta_time": null,
    "survival_beta_threshold": null,
    "survival_beta_log_sigma": null,
    "survival_distribution": null,
    "training_headers": [
      "hour",
      "demand_forecast",
      "net_generation",
      "total_interchange",
      "y"
    ],
    "resolved_term_spec": {
      "linear_terms": [
        {
          "name": "demand_forecast",
          "feature_col": 1,
          "double_penalty": true,
          "coefficient_geometry": "Unconstrained",
          "coefficient_min": null,
          "coefficient_max": null
        },
        {
          "name": "net_generation",
          "feature_col": 2,
          "double_penalty": true,
          "coefficient_geometry": "Unconstrained",
          "coefficient_min": null,
          "coefficient_max": null
        },
        {
          "name": "total_interchange",
          "feature_col": 3,
          "double_penalty": true,
          "coefficient_geometry": "Unconstrained",
          "coefficient_min": null,
          "coefficient_max": null
        }
      ],
      "random_effect_terms": [],
      "smooth_terms": [
        {
          "name": "s(hour, type=ps, knots=8)",
          "basis": {
            "BSpline1D": {
              "feature_col": 0,
              "spec": {
                "degree": 3,
                "penalty_order": 2,
                "knot_spec": {
                  "Provided": {
                    "v": 1,
                    "dim": [
                      16
                    ],
                    "data": [
                      -1.7869400457689395,
                      -1.7869400457689395,
                      -1.7869400457689395,
                      -1.7869400457689395,
                      -1.4030202817566355,
                      -1.0191005177443313,
                      -0.6351807537320273,
                      -0.2512609897197233,
                      0.13265877429258066,
                      0.5165785383048849,
                      0.9004983023171886,
                      1.2844180663294928,
                      1.6683378303417973,
                      1.6683378303417973,
                      1.6683378303417973,
                      1.6683378303417973
                    ]
                  }
                },
                "double_penalty": true,
                "identifiability": {
                  "FrozenTransform": {
                    "transform": {
                      "v": 1,
                      "dim": [
                        12,
                        11
                      ],
                      "data": [
                        -0.11909699865495928,
                        -0.16474490213592038,
                        -0.3465667261510192,
                        -0.3883372552913178,
                        -0.3609084864478777,
                        -0.3751464092212506,
                        -0.3640909035084515,
                        -0.3794078083694415,
                        -0.2682958572607454,
                        -0.13874143382434903,
                        -0.15656726208799693,
                        0.9877360396117281,
                        -0.016964532916720485,
                        -0.03568755425754148,
                        -0.03998885589032155,
                        -0.03716439063599912,
                        -0.03863053439172717,
                        -0.0374920986152985,
                        -0.03906935007089839,
                        -0.027627646397000473,
                        -0.014286837349809426,
                        -0.01612244407527256,
                        -0.01696453291672049,
                        0.976533243098395,
                        -0.04936600166274803,
                        -0.05531592084251168,
                        -0.05140888492082785,
                        -0.05343697725130197,
                        -0.0518621979311351,
                        -0.05404398369929996,
                        -0.038216864852371565,
                        -0.01976274505325796,
                        -0.022301909379494056,
                        -0.03568755425754148,
                        -0.04936600166274803,
                        0.8961508771584984,
                        -0.11636571051286144,
                        -0.1081466480060577,
                        -0.11241305813585044,
                        -0.10910026298210247,
                        -0.11368999135021882,
                        -0.08039516588328192,
                        -0.041574032119149285,
                        -0.046915562304872906,
                        -0.039988855890321556,
                        -0.05531592084251169,
                        -0.11636571051286146,
                        0.8696091193391222,
                        -0.12118120202147747,
                        -0.1259618283041888,
                        -0.12224975302322758,
                        -0.1273926660108706,
                        -0.09008492651484189,
                        -0.046584811253658334,
                        -0.05257013821916666,
                        -0.03716439063599912,
                        -0.05140888492082785,
                        -0.10814664800605771,
                        -0.12118120202147747,
                        0.8873779849561507,
                        -0.11706497943229556,
                        -0.11361509288914819,
                        -0.1183947551981661,
                        -0.08372211019478451,
                        -0.04329446503505166,
                        -0.04885704051959228,
                        -0.03863053439172717,
                        -0.05343697725130196,
                        -0.11241305813585044,
                        -0.1259618283041888,
                        -0.11706497943229556,
                        0.8783167802125715,
                        -0.11809723442692802,
                        -0.12306545551301537,
                        -0.08702496669203484,
                        -0.04500244163529872,
                        -0.05078446200169691,
                        -0.03749209861529851,
                        -0.0518621979311351,
